3750 3750 1794671
1 792
1 348
1 576
1 8
1 656
1 829
1 219
1 682
1 487
1 922
1 834
1 513
1 277
1 139
1 334
1 352
1 968
1 284
1 643
1 180
1 196
1 53
1 115
1 923
1 663
1 38
1 166
1 983
1 390
1 657
1 940
1 848
1 60
1 153
1 775
1 351
1 45
1 736
1 489
1 815
1 206
1 352
1 105
1 870
1 454
1 570
1 534
1 355
1 252
1 646
1 543
1 348
1 751
1 801
1 796
1 94
1 170
1 77
1 778
1 473
1 471
1 679
1 162
1 301
1 244
1 143
1 294
1 77
1 628
1 635
1 196
1 777
1 525
1 343
1 150
1 237
1 560
1 680
1 652
1 839
1 927
1 32
1 175
1 616
1 689
1 225
1 329
1 952
1 205
1 507
1 461
1 678
1 361
1 446
1 689
1 258
1 616
1 187
1 749
1 592
1 51
1 24
1 169
1 936
1 622
1 431
1 888
1 806
1 168
1 964
1 886
1 823
1 862
1 643
1 810
1 751
1 754
1 943
1 454
1 998
1 23
1 212
1 239
1 861
1 620
1 615
1 397
1 711
1 798
1 572
1 291
1 171
1 801
1 669
1 694
1 32
1 446
1 329
1 612
1 794
1 365
1 441
1 549
1 722
1 207
1 656
1 320
1 892
1 642
1 77
1 578
1 754
1 702
1 762
1 623
1 897
1 19
1 451
1 191
1 616
1 521
1 246
1 801
1 311
1 401
1 129
1 846
1 56
1 668
1 213
1 724
1 628
1 501
1 661
1 306
1 791
1 252
1 18
1 877
1 494
1 419
1 958
1 561
1 163
1 181
1 870
1 539
1 999
1 279
1 81
1 639
1 761
1 611
1 294
1 458
1 467
1 113
1 491
1 140
1 253
1 84
1 577
1 970
1 661
1 289
1 535
1 317
1 169
1 425
1 766
1 953
1 109
1 360
1 442
1 605
1 171
1 167
1 662
1 377
1 88
1 120
1 945
1 269
1 362
1 279
1 927
1 63
1 647
1 987
1 272
1 485
1 982
1 893
1 491
1 670
1 287
1 903
1 224
1 47
1 217
1 768
1 907
1 530
1 603
1 345
1 458
1 20
1 184
1 435
1 886
1 955
1 892
1 402
1 29
1 755
1 125
1 739
1 351
1 936
1 784
1 531
1 814
1 33
1 166
1 23
1 922
1 222
1 834
1 983
1 775
1 810
1 259
1 633
1 169
1 618
1 553
1 897
1 401
1 714
1 451
1 969
1 65
1 240
1 517
1 816
1 311
1 893
1 525
1 881
1 798
1 349
1 349
1 67
1 230
1 668
1 220
1 756
1 530
1 237
1 217
1 41
1 677
1 447
1 163
1 598
1 529
1 661
1 246
1 330
1 210
1 507
1 337
1 768
1 608
1 264
1 408
1 702
1 942
1 989
1 179
1 415
1 235
1 639
1 153
1 307
1 669
1 847
1 778
1 223
1 970
1 561
1 142
1 165
1 114
1 186
1 442
1 702
1 26
1 508
1 660
1 244
1 682
1 333
1 407
1 195
1 393
1 458
1 721
1 617
1 127
1 125
1 754
1 596
1 517
1 661
1 620
1 505
1 697
1 111
1 744
1 183
1 412
1 21
1 614
1 317
1 791
1 659
1 970
1 378
1 708
1 14
1 293
1 979
1 59
1 444
1 746
1 641
1 618
1 992
1 650
1 322
1 452
1 39
1 586
1 258
1 454
1 324
1 141
1 87
1 743
1 704
1 155
1 348
1 357
1 706
1 350
1 797
1 359
1 573
1 250
1 940
1 453
1 801
1 565
1 496
1 416
1 498
1 895
1 398
1 887
1 608
1 482
1 388
1 238
1 487
1 141
1 894
1 689
1 243
1 932
1 263
1 641
1 973
1 956
1 138
1 824
1 429
1 501
1 496
1 127
1 930
1 408
1 564
1 221
1 52
1 896
1 555
1 777
1 423
1 248
1 277
1 10
1 728
1 872
1 600
1 205
1 616
1 408
1 411
1 985
1 483
1 479
1 768
1 915
1 42
1 454
1 585
1 726
1 325
1 886
1 946
1 509
1 53
1 92
1 543
1 628
1 660
1 414
1 416
1 321
1 842
1 478
1 941
1 441
1 151
1 892
1 120
1 361
1 315
1 339
1 232
1 234
1 776
1 318
1 326
1 1000
1 116
1 648
1 32
1 320
1 118
1 982
1 963
1 760
1 145
1 486
1 416
1 620
1 69
1 733
1 279
1 617
1 209
1 449
1 704
1 773
1 682
1 57
1 799
1 273
1 618
1 24
1 180
1 575
1 931
1 697
1 391
1 954
1 929
1 542
1 873
1 804
1 772
1 902
1 379
1 217
1 635
1 380
1 882
1 117
1 965
1 373
1 478
1 9
1 80
1 389
1 919
1 211
1 403
1 964
1 990
1 129
1 420
1 494
1 166
1 817
1 775
1 188
1 868
1 10
1 449
1 251
1 590
1 409
1 277
1 126
1 904
1 593
1 114
1 327
1 48
1 113
1 333
1 426
1 848
1 850
1 186
1 16
1 265
1 471
1 500
1 510
1 554
1 77
1 892
1 650
1 546
1 113
1 63
1 781
1 677
1 910
1 83
1 693
1 53
1 592
1 463
1 306
1 907
1 386
1 136
1 89
1 798
1 263
1 443
1 825
1 378
1 37
1 363
1 510
1 243
1 318
1 906
1 72
1 708
1 314
1 845
1 877
1 307
1 205
1 886
1 572
1 115
1 426
1 336
1 244
1 740
1 635
1 888
1 161
1 867
1 791
1 228
1 704
1 157
1 635
1 937
1 9
1 517
1 880
1 74
1 134
1 741
1 162
1 177
1 575
1 499
1 106
1 383
1 613
1 69
1 286
1 509
1 760
1 432
1 229
1 466
1 670
1 833
1 186
1 856
1 756
1 829
1 784
1 23
1 454
1 347
1 448
1 737
1 231
1 197
1 673
1 524
1 572
1 228
1 717
1 221
1 788
1 37
1 611
1 319
1 150
1 507
1 223
1 155
1 411
1 968
1 69
1 128
1 199
1 749
1 789
1 91
1 369
1 851
1 186
1 748
1 538
1 635
1 497
1 270
1 195
1 693
1 728
1 256
1 878
1 193
1 973
1 945
1 762
1 24
1 317
1 985
1 377
1 670
1 111
1 483
1 176
1 920
1 698
1 533
1 531
1 592
1 360
1 547
1 683
1 771
1 693
1 557
1 725
1 293
1 517
1 844
1 653
1 298
1 642
1 276
1 908
1 378
1 755
1 92
1 198
1 140
1 321
1 959
1 625
1 584
1 730
1 184
1 245
1 436
1 16
1 113
1 930
1 893
1 118
1 825
1 550
1 205
1 363
1 266
1 119
1 480
1 331
1 934
1 848
1 165
1 433
1 137
1 119
1 102
1 717
1 903
1 593
1 487
1 974
1 293
1 305
1 996
1 139
1 563
1 2
1 201
1 356
1 500
1 70
1 414
1 230
1 404
1 127
1 480
1 347
1 896
1 248
1 990
1 523
1 75
1 983
1 310
1 316
1 868
1 113
1 875
1 301
1 867
1 873
1 879
1 174
1 573
1 368
1 158
1 818
1 766
1 211
1 842
1 588
1 262
1 342
1 746
1 767
1 421
1 14
1 561
1 776
1 959
1 47
1 737
1 52
1 664
1 633
1 787
1 918
1 625
1 888
1 253
1 38
1 996
1 676
1 238
1 689
1 298
1 16
1 951
1 592
1 328
1 823
1 148
1 866
1 351
1 846
1 111
1 628
1 286
1 14
1 459
1 424
1 788
1 494
1 858
1 57
1 12
1 651
1 619
1 283
1 972
1 923
1 715
1 892
1 558
1 227
1 958
1 123
1 441
1 187
1 404
1 834
1 474
1 927
1 55
1 764
1 393
1 812
1 940
1 458
1 959
1 512
1 686
1 365
1 602
1 127
1 146
1 125
1 500
1 62
1 315
1 933
1 862
1 813
1 151
1 650
1 659
1 729
1 500
1 174
1 347
1 810
1 316
1 462
1 688
1 722
1 51
1 709
1 453
1 418
1 496
1 64
1 932
1 849
1 588
1 884
1 378
1 778
1 331
1 860
1 466
1 372
1 938
1 780
1 658
1 345
1 968
1 658
1 903
1 330
1 584
1 424
1 961
1 5
1 791
1 661
1 149
1 124
1 168
1 181
1 804
1 977
1 285
1 21
1 196
1 677
1 266
1 91
1 652
1 221
1 311
1 50
1 617
1 250
1 427
1 609
1 306
1 704
1 275
1 129
1 426
1 600
1 608
1 622
1 784
1 52
1 75
1 610
1 625
1 826
1 640
1 985
1 75
1 239
1 765
1 170
1 875
1 585
1 458
1 444
1 400
1 39
1 300
1 868
1 858
1 679
1 831
1 146
1 56
1 605
1 102
1 361
1 894
1 809
1 503
1 943
1 450
1 79
1 333
1 25
1 991
1 391
1 422
1 77
1 271
1 648
1 158
1 51
1 306
1 753
1 814
1 414
1 732
1 12
1 438
1 959
1 443
1 600
1 237
1 693
1 412
1 935
1 700
1 971
1 196
1 517
1 473
1 624
1 421
1 973
1 727
1 637
1 631
1 737
1 615
1 78
1 120
1 946
1 996
1 528
1 694
1 904
1 325
1 75
1 218
1 307
1 329
1 465
1 531
1 178
1 981
1 523
1 266
1 976
1 88
1 508
1 251
1 300
1 993
1 376
1 124
1 155
1 978
1 762
1 524
1 357
1 545
1 308
1 700
1 127
1 138
1 920
1 748
1 666
1 296
1 950
1 76
1 222
1 779
1 264
1 274
1 157
1 852
1 980
1 451
1 41
1 91
1 679
1 883
1 578
1 90
1 949
1 687
1 921
1 154
1 766
1 156
1 597
1 442
1 261
1 34
1 184
1 966
1 666
1 911
1 378
1 474
1 868
1 497
1 624
1 323
1 780
1 366
1 837
1 657
1 52
1 103
1 518
1 449
1 915
1 778
1 62
1 971
1 114
1 420
1 820
1 829
1 925
1 679
1 354
1 562
1 377
1 991
1 731
1 429
1 502
1 642
1 809
1 196
1 430
1 363
1 62
1 551
1 738
1 450
1 564
1 199
1 675
1 186
1 980
1 755
1 172
1 397
1 7
1 607
1 911
1 740
1 512
1 309
1 871
1 43
1 122
1 78
1 134
1 553
1 229
1 946
1 54
1 732
1 638
1 199
1 659
1 872
1 580
1 123
1 642
1 940
1 110
1 911
1 632
1 707
1 122
1 612
1 698
1 939
1 737
1 235
1 779
1 916
1 989
1 511
1 907
1 97
1 820
1 610
1 174
1 663
1 672
1 173
1 672
1 56
1 600
1 802
1 747
1 87
1 811
1 422
1 399
1 84
1 229
1 21
1 713
1 48
1 660
1 105
1 683
1 739
1 450
1 11
1 313
1 988
1 45
1 192
1 278
1 13
1 24
1 907
1 419
1 472
1 878
1 761
1 736
1 193
1 94
1 86
1 3
1 882
1 833
1 194
1 404
1 968
1 943
1 163
1 532
1 439
1 562
1 320
1 401
1 186
1 770
1 253
1 47
1 170
1 910
1 693
1 922
1 741
1 885
1 577
1 241
1 528
1 918
1 802
1 62
1 165
1 962
1 954
1 254
1 591
1 839
1 180
1 942
1 327
1 527
1 946
1 623
1 272
1 672
1 210
1 764
1 620
1 494
1 86
1 49
1 614
1 311
1 998
1 417
1 782
1 579
1 413
1 905
1 93
1 460
1 13
1 380
1 301
1 558
1 324
1 765
1 844
1 433
1 679
1 868
1 143
1 891
1 999
1 942
1 723
1 745
1 977
1 71
1 700
1 366
1 937
1 663
1 557
1 324
1 944
1 398
1 342
1 993
1 435
1 783
1 40
1 948
1 354
1 996
1 702
1 132
1 194
1 770
1 889
1 336
1 988
1 623
1 374
1 669
1 253
1 669
1 681
1 11
1 337
1 142
1 70
1 28
1 67
1 365
1 593
1 491
1 786
1 261
1 432
1 318
1 83
1 328
1 305
1 500
1 48
1 383
1 266
1 84
1 910
1 343
1 501
1 435
1 650
1 796
1 976
1 764
1 155
1 525
1 133
1 804
1 369
1 648
1 948
1 22
1 532
1 712
1 549
1 21
1 192
1 630
1 632
1 577
1 188
1 949
1 828
1 851
1 290
1 535
1 581
1 799
1 272
1 495
1 7
1 721
1 682
1 717
1 94
1 803
1 97
1 304
1 855
1 824
1 4
1 85
1 266
1 48
1 96
1 60
1 409
1 4
1 481
1 459
1 716
1 559
1 716
1 87
1 368
1 418
1 972
1 306
1 89
1 477
1 599
1 990
1 19
1 152
1 416
1 425
1 576
1 294
1 196
1 565
1 994
1 933
1 187
1 554
1 295
1 163
1 270
1 603
1 496
1 491
1 69
1 393
1 601
1 638
1 769
1 359
1 535
1 80
1 586
1 348
1 367
1 477
1 13
1 629
1 537
1 770
1 738
1 600
1 199
1 134
1 791
1 82
1 840
1 399
1 497
1 8
1 960
1 204
1 267
1 832
1 654
1 760
1 467
1 81
1 948
1 984
1 762
1 416
1 577
1 377
1 263
1 641
1 220
1 898
1 379
1 993
1 33
1 479
1 814
1 516
1 476
1 852
1 916
1 190
1 432
1 621
1 655
1 972
1 808
1 416
1 949
1 922
1 511
1 184
1 310
1 437
1 901
1 726
1 906
1 12
1 538
1 735
1 245
1 769
1 926
1 590
1 943
1 910
1 614
1 129
1 495
1 763
1 205
1 915
1 108
1 799
1 910
1 540
1 942
1 909
1 844
1 444
1 712
1 943
1 798
1 951
1 339
1 391
1 554
1 5
1 583
1 657
1 39
1 349
1 207
1 198
1 107
1 540
1 993
1 847
1 256
1 786
1 863
1 489
1 833
1 428
1 999
1 259
1 983
1 720
1 921
1 591
1 557
1 549
1 315
1 395
1 545
1 515
1 707
1 822
1 847
1 307
1 36
1 585
1 876
1 910
1 572
1 175
1 333
1 733
1 470
1 568
1 306
1 420
1 437
1 903
1 193
1 832
1 126
1 301
1 424
1 501
1 414
1 475
1 101
1 97
1 685
1 936
1 99
1 706
1 652
1 170
1 521
1 128
1 122
1 350
1 991
1 540
1 228
1 854
1 925
1 603
1 967
1 951
1 597
1 599
1 968
1 797
1 122
1 837
1 704
1 787
1 740
1 802
1 397
1 999
1 309
1 634
1 491
1 691
1 944
1 39
1 410
1 102
1 111
1 477
1 828
1 860
1 645
1 885
1 19
1 66
1 836
1 954
1 987
1 117
1 286
1 897
1 694
1 281
1 640
1 969
1 371
1 385
1 192
1 408
1 857
1 242
1 524
1 722
1 839
1 792
1 696
1 874
1 391
1 192
1 910
1 849
1 340
1 296
1 206
1 446
1 528
1 106
1 881
1 912
1 16
1 899
1 96
1 452
1 926
1 515
1 155
1 468
1 948
1 730
1 169
1 567
1 213
1 98
1 850
1 868
1 65
1 279
1 891
1 997
1 725
1 355
1 226
1 77
1 288
1 677
1 332
1 504
1 266
1 341
1 611
1 35
1 678
1 538
1 747
1 88
1 44
1 702
1 616
1 793
1 584
1 711
1 416
1 163
1 168
1 500
1 62
1 804
1 552
1 659
1 874
1 121
1 540
1 890
1 951
1 761
1 207
1 153
1 38
1 656
1 169
1 334
1 745
1 673
1 181
1 946
1 429
1 674
1 239
1 826
1 301
1 75
1 410
1 481
1 893
1 355
1 995
1 642
1 528
1 387
1 998
1 465
1 101
1 98
1 405
1 879
1 861
1 915
1 883
1 420
1 883
1 187
1 165
1 968
1 847
1 751
1 389
1 973
1 57
1 179
1 697
1 869
1 66
1 179
1 530
1 427
1 724
1 993
1 145
1 284
1 17
1 538
1 953
1 597
1 636
1 821
1 888
1 241
1 175
1 604
1 368
1 821
1 995
1 683
1 477
1 834
1 351
1 602
1 585
1 663
1 677
1 904
1 875
1 220
1 914
1 106
1 557
1 76
1 738
1 393
1 75
1 59
1 301
1 80
1 561
1 809
1 577
1 856
1 208
1 501
1 250
1 755
1 531
1 708
1 940
1 186
1 30
1 791
1 607
1 270
1 965
1 460
1 495
1 344
1 742
1 527
1 801
1 148
1 463
1 655
1 10
1 767
1 435
1 72
1 780
1 911
1 124
1 284
1 37
1 23
1 823
1 120
1 182
1 10
1 177
1 749
1 503
1 577
1 425
1 329
1 693
1 947
1 961
1 785
1 561
1 774
1 709
1 711
1 863
1 886
1 384
1 225
1 501
1 175
1 152
1 480
1 94
1 364
1 360
1 51
1 308
1 7
1 421
1 257
1 789
1 322
1 480
1 761
1 50
1 257
1 790
1 750
1 866
1 289
1 613
1 496
1 220
1 287
1 571
1 275
1 389
1 234
1 846
1 848
1 281
1 153
1 543
1 657
1 718
1 984
1 340
1 954
1 686
1 551
1 488
1 319
1 773
1 744
1 546
1 218
1 398
1 600
1 975
1 52
1 553
1 374
1 570
1 803
1 624
1 215
1 177
1 338
1 84
1 272
1 375
1 512
1 210
1 768
1 367
1 227
1 557
1 514
1 984
1 733
1 20
1 717
1 831
1 498
1 487
1 248
1 609
1 337
1 221
1 705
1 274
1 209
1 235
1 308
1 742
1 824
1 691
1 310
1 298
1 788
1 927
1 348
1 497
1 408
1 139
1 8
1 394
1 594
1 642
1 198
1 645
1 145
1 265
1 209
1 612
1 697
1 734
1 128
1 80
1 650
1 998
1 630
1 577
1 371
1 828
1 953
1 294
1 511
1 254
1 120
1 418
1 458
1 212
1 436
1 471
1 510
1 446
1 563
1 66
1 592
1 205
1 68
1 345
1 56
1 1
1 815
1 342
1 273
1 209
1 845
1 146
1 851
1 196
1 965
1 697
1 857
1 99
1 399
1 207
1 393
1 980
1 977
1 830
1 579
1 310
1 421
1 480
1 749
1 35
1 640
1 268
1 984
1 124
1 513
1 540
1 889
1 463
1 897
1 466
1 34
1 249
1 933
1 428
1 106
1 746
1 897
1 593
1 732
1 318
1 46
1 501
1 81
1 150
1 607
1 803
1 94
1 798
1 130
1 412
1 743
1 332
1 170
1 223
1 991
1 849
1 101
1 673
1 663
1 861
1 790
1 966
1 65
1 613
1 692
1 133
1 533
1 425
1 91
1 659
1 891
1 821
1 207
1 228
1 667
1 194
1 103
1 43
1 274
1 417
1 383
1 751
1 68
1 320
1 878
1 942
1 836
1 463
1 607
1 967
1 129
1 433
1 671
1 454
1 481
1 612
1 122
1 129
1 594
1 698
1 778
1 591
1 753
1 7
1 94
1 335
1 485
1 509
1 241
1 802
1 535
1 936
1 831
1 196
1 865
1 895
1 883
1 255
1 241
1 697
1 938
1 611
1 798
1 280
1 432
1 112
1 550
1 973
1 463
1 156
1 764
1 969
1 238
1 985
1 540
1 163
1 713
1 603
1 244
1 900
1 667
1 345
1 762
1 596
1 189
1 903
1 152
1 950
1 797
1 218
1 616
1 166
1 856
1 189
1 2
1 478
1 803
1 884
1 490
1 492
1 933
1 982
1 968
1 176
1 217
1 804
1 476
1 863
1 89
1 134
1 844
1 110
1 784
1 914
1 176
1 303
1 150
1 896
1 919
1 584
1 816
1 319
1 708
1 327
1 936
1 238
1 775
1 129
1 692
1 183
1 798
1 680
1 473
1 767
1 998
1 878
1 737
1 809
1 80
1 592
1 298
1 146
1 176
1 982
1 667
1 790
1 353
1 114
1 748
1 920
1 230
1 910
1 344
1 114
1 204
1 791
1 534
1 925
1 562
1 632
1 422
1 396
1 946
1 303
1 389
1 789
1 19
1 287
1 120
1 138
1 458
1 529
1 567
1 404
1 711
1 60
1 159
1 609
1 315
1 148
1 134
1 24
1 691
1 218
1 63
1 189
1 338
1 862
1 874
1 736
1 3
1 771
1 953
1 617
1 642
1 674
1 757
1 631
1 360
1 960
1 907
1 293
1 569
1 500
1 123
1 729
1 382
1 638
1 230
1 954
1 723
1 998
1 676
1 629
1 179
1 808
1 88
1 681
1 958
1 802
1 119
1 204
1 733
1 187
1 800
1 185
1 470
1 704
1 161
1 180
1 271
1 776
1 791
1 719
1 691
1 179
1 754
1 662
1 280
1 152
1 691
1 304
1 869
1 305
1 690
1 72
1 528
1 22
1 6
1 770
1 964
1 505
1 34
1 907
1 365
1 743
1 394
1 567
1 404
1 995
1 411
1 109
1 264
1 608
1 222
1 317
1 676
1 605
1 339
1 374
1 570
1 814
1 514
1 929
1 602
1 714
1 693
1 302
1 304
1 577
1 285
1 413
1 418
1 22
1 528
1 162
1 511
1 764
1 706
1 646
1 671
1 24
1 885
1 672
1 586
1 416
1 845
1 182
1 196
1 369
1 598
1 524
1 209
1 188
1 683
1 925
1 544
1 68
1 625
1 967
1 691
1 79
1 561
1 148
1 815
1 183
1 749
1 576
1 697
1 223
1 596
1 436
1 95
1 918
1 946
1 280
1 617
1 874
1 322
1 284
1 240
1 252
1 525
1 297
1 942
1 952
1 665
1 731
1 593
1 181
1 235
1 877
1 170
1 379
1 122
1 331
1 128
1 701
1 113
1 225
1 867
1 646
1 266
1 994
1 375
1 100
1 986
1 163
1 78
1 349
1 203
1 912
1 614
1 686
1 960
1 484
1 789
1 60
1 505
1 263
1 579
1 192
1 690
1 422
1 247
1 317
1 449
1 482
1 191
1 140
1 780
1 679
1 751
1 973
1 143
1 190
1 301
1 636
1 86
1 108
1 179
1 132
1 4
1 41
1 484
1 400
1 154
1 183
1 169
1 215
1 743
1 32
1 784
1 385
1 428
1 905
1 268
1 936
1 353
1 522
1 859
1 452
1 351
1 972
1 141
1 830
1 589
1 278
1 583
1 296
1 857
1 319
1 588
1 100
1 934
1 128
1 893
1 508
1 917
1 762
1 16
1 644
1 155
1 679
1 286
1 451
1 174
1 970
1 376
1 701
1 41
1 805
1 111
1 529
1 143
1 787
1 937
1 762
1 54
1 532
1 767
1 185
1 104
1 53
1 575
1 491
1 284
1 252
1 960
1 772
1 126
1 612
1 340
1 504
1 518
1 84
1 370
1 575
1 774
1 7
1 83
1 314
1 496
1 760
1 697
1 261
1 794
1 235
1 597
1 878
1 478
1 101
1 933
1 23
1 6
1 53
1 877
1 455
1 284
1 179
1 449
1 506
1 663
1 79
1 830
1 77
1 621
1 505
1 204
1 611
1 907
1 650
1 734
1 508
1 21
1 700
1 477
1 415
1 945
1 749
1 801
1 433
1 354
1 678
1 816
1 470
1 656
1 857
1 574
1 109
1 402
1 416
1 365
1 16
1 675
1 786
1 941
1 599
1 507
1 554
1 917
1 395
1 494
1 312
1 615
1 366
1 579
1 245
1 314
1 603
1 376
1 166
1 958
1 961
1 745
1 137
1 889
1 936
1 135
1 154
1 370
1 469
1 3
1 243
1 325
1 656
1 585
1 719
1 641
1 358
1 896
1 749
1 730
1 223
1 282
1 668
1 598
1 951
1 553
1 915
1 37
1 280
1 95
1 516
1 732
1 472
1 71
1 115
1 256
1 367
1 416
1 892
1 522
1 612
1 34
1 654
1 800
1 395
1 634
1 333
1 487
1 344
1 727
1 709
1 499
1 223
1 461
1 279
1 955
1 760
1 120
1 113
1 698
1 517
1 121
1 696
1 356
1 516
1 201
1 416
1 650
1 964
1 103
1 445
1 484
1 100
1 321
1 226
1 424
1 350
1 295
1 855
1 436
1 85
1 297
1 686
1 842
1 408
1 243
1 705
1 760
1 32
1 368
1 98
1 352
1 39
1 196
1 648
1 966
1 970
1 936
1 559
1 655
1 424
1 170
1 974
1 636
1 361
1 263
1 498
1 609
1 611
1 132
1 138
1 342
1 62
1 761
1 757
1 290
1 664
1 12
1 740
1 642
1 2
1 614
1 573
1 738
1 729
1 146
1 21
1 972
1 468
1 405
1 850
1 756
1 506
1 150
1 766
1 401
1 751
1 969
1 587
1 210
1 926
1 532
1 842
1 731
1 938
1 884
1 182
1 652
1 463
1 635
1 647
1 699
1 400
1 424
1 725
1 652
1 988
1 948
1 37
1 841
1 517
1 465
1 419
1 736
1 620
1 461
1 109
1 367
1 177
1 846
1 422
1 903
1 32
1 589
1 231
1 746
1 857
1 797
1 677
1 508
1 607
1 914
1 478
1 575
1 421
1 907
1 270
1 603
1 10
1 721
1 324
1 339
1 28
1 158
1 20
1 352
1 984
1 692
1 248
1 819
1 39
1 862
1 533
1 960
1 358
1 485
1 851
1 564
1 959
1 934
1 90
1 955
1 606
1 238
1 264
1 225
1 780
1 961
1 253
1 557
1 305
1 347
1 217
1 384
1 336
1 504
1 307
1 850
1 807
1 469
1 495
1 372
1 483
1 290
1 957
1 50
1 592
1 119
1 10
1 334
1 523
1 122
1 998
1 93
1 762
1 874
1 606
1 235
1 282
1 176
1 74
1 202
1 324
1 472
1 173
1 382
1 993
1 524
1 178
1 146
1 881
1 547
1 968
1 574
1 657
1 838
1 29
1 395
1 710
1 390
1 23
1 578
1 626
1 357
1 773
1 93
1 872
1 138
1 420
1 440
1 516
1 158
1 20
1 249
1 769
1 964
1 408
1 806
1 345
1 187
1 15
1 121
1 271
1 725
1 322
1 470
1 146
1 733
1 178
1 246
1 618
1 89
1 453
1 762
1 407
1 266
1 932
1 658
1 997
1 947
1 251
1 858
1 394
1 264
1 923
1 221
1 422
1 270
1 554
1 24
1 683
1 84
1 379
1 871
1 475
1 396
1 585
1 824
1 196
1 901
1 301
1 10
1 781
1 948
1 14
1 645
1 964
1 14
1 821
1 69
1 53
1 724
1 69
1 616
1 690
1 734
1 989
1 416
1 726
1 455
1 686
1 786
1 531
1 342
1 387
1 349
1 226
1 780
1 323
1 910
1 615
1 706
1 89
1 723
1 835
1 552
1 980
1 872
1 192
1 212
1 975
1 721
1 984
1 494
1 599
1 21
1 397
1 519
1 198
1 651
1 122
1 256
1 243
1 610
1 693
1 364
1 732
1 219
1 288
1 724
1 818
1 450
1 822
1 402
1 560
1 108
1 606
1 133
1 194
1 986
1 266
1 905
1 137
1 64
1 538
1 661
1 884
1 920
1 781
1 780
1 725
1 373
1 954
1 881
1 951
1 33
1 568
1 566
1 763
1 832
1 120
1 654
1 306
1 764
1 597
1 778
1 782
1 2
1 8
1 881
1 101
1 526
1 905
1 75
1 72
1 318
1 750
1 546
1 247
1 492
1 203
1 516
1 772
1 422
1 456
1 88
1 919
1 927
1 56
1 842
1 259
1 670
1 482
1 414
1 875
1 276
1 174
1 765
1 12
1 75
1 840
1 374
1 480
1 286
1 653
1 366
1 638
1 270
1 601
1 552
1 939
1 903
1 969
1 409
1 205
1 151
1 702
1 154
1 176
1 419
1 918
1 442
1 170
1 26
1 745
1 948
1 755
1 148
1 221
1 408
1 95
1 469
1 786
1 680
1 413
1 493
1 586
1 884
1 997
1 229
1 190
1 777
1 379
1 372
1 183
1 376
1 688
1 777
1 817
1 139
1 259
1 910
1 917
1 303
1 407
1 359
1 60
1 244
1 762
1 388
1 745
1 573
1 958
1 258
1 158
1 707
1 730
1 963
1 762
1 264
1 501
1 467
1 108
1 701
1 325
1 812
1 203
1 854
1 438
1 638
1 210
1 362
1 961
1 937
1 293
1 593
1 821
1 704
1 769
1 148
1 844
1 515
1 48
1 909
1 830
1 431
1 595
1 681
1 819
1 980
1 817
1 904
1 982
1 269
1 363
1 196
1 728
1 603
1 429
1 963
1 762
1 352
1 536
1 262
1 649
1 817
1 164
1 807
1 680
1 247
1 843
1 600
1 855
1 48
1 65
1 596
1 754
1 885
1 979
1 995
1 738
1 796
1 531
1 750
1 29
1 956
1 494
1 793
1 756
1 335
1 202
1 350
1 877
1 244
1 732
1 185
1 400
1 426
1 582
1 844
1 227
1 833
1 705
1 419
1 816
1 985
1 35
1 972
1 272
1 469
1 156
1 177
1 985
1 189
1 481
1 528
1 535
1 778
1 984
1 52
1 5
1 168
1 721
1 653
1 57
1 348
1 477
1 471
1 829
1 380
1 395
1 719
1 267
1 169
1 748
1 753
1 607
1 142
1 763
1 671
1 266
1 383
1 597
1 555
1 216
1 438
1 841
1 891
1 356
1 412
1 630
1 854
1 437
1 267
1 788
1 370
1 11
1 499
1 309
1 384
1 987
1 486
1 330
1 637
1 787
1 788
1 564
1 356
1 988
1 903
1 262
1 532
1 728
1 231
1 434
1 616
1 787
1 950
1 829
1 153
1 338
1 86
1 932
1 957
1 766
1 46
1 834
1 651
1 958
1 302
1 199
1 515
1 370
1 453
1 106
1 516
1 896
1 47
1 394
1 450
1 213
1 890
1 423
1 960
1 125
1 826
1 529
1 660
1 508
1 799
1 68
1 407
1 267
1 845
1 808
1 522
1 140
1 418
1 656
1 645
1 341
1 455
1 162
1 119
1 577
1 633
1 583
1 662
1 492
1 564
1 800
1 670
1 201
1 853
1 168
1 339
1 23
1 82
1 610
1 557
1 821
1 533
1 228
1 956
1 52
1 721
1 309
1 141
1 534
1 68
1 546
1 913
1 903
1 104
1 546
1 50
1 850
1 121
1 480
1 852
1 300
1 733
1 18
1 820
1 218
1 956
1 644
1 330
1 862
1 410
1 446
1 476
1 744
1 75
1 377
1 105
1 554
1 987
1 62
1 474
1 396
1 393
1 296
1 289
1 859
1 619
1 508
1 950
1 43
1 178
1 6
1 798
1 823
1 130
1 293
1 514
1 383
1 430
1 331
1 539
1 767
1 845
1 603
1 229
1 875
1 415
1 743
1 791
1 347
1 800
1 226
1 30
1 922
1 637
1 881
1 794
1 36
1 273
1 136
1 283
1 610
1 594
1 909
1 269
1 655
1 598
1 85
1 839
1 790
1 611
1 354
1 318
1 745
1 378
1 795
1 594
1 709
1 460
1 922
1 927
1 501
1 807
1 855
1 943
1 824
1 666
1 660
1 269
1 277
1 637
1 658
1 530
1 121
1 38
1 70
1 970
1 192
1 858
1 125
1 41
1 57
1 828
1 41
1 473
1 741
1 91
1 42
1 819
1 962
1 556
1 524
1 304
1 652
1 760
1 313
1 427
1 506
1 438
1 349
1 215
1 370
1 543
1 278
1 925
1 921
1 621
1 356
1 158
1 788
1 839
1 69
1 822
1 519
1 824
1 520
1 660
1 696
1 651
1 268
1 915
1 758
1 632
1 162
1 824
1 410
1 49
1 278
1 755
1 832
1 367
1 969
1 591
1 932
1 340
1 520
1 739
1 140
1 742
1 510
1 601
1 578
1 100
1 223
1 3
1 433
1 757
1 99
1 768
1 941
1 581
1 712
1 89
1 40
1 855
1 747
1 172
1 808
1 532
1 477
1 789
1 607
1 13
1 244
1 86
1 238
1 348
1 688
1 855
1 618
1 980
1 516
1 41
1 125
1 57
1 809
1 862
1 742
1 471
1 6
1 873
1 926
1 896
1 359
1 692
1 459
1 341
1 173
1 1
1 656
1 251
1 902
1 231
1 338
1 331
1 961
1 939
1 126
1 500
1 584
1 813
1 214
1 72
1 237
1 387
1 481
1 355
1 101
1 728
1 990
1 485
1 613
1 836
1 609
1 278
1 230
1 938
1 594
1 532
1 433
1 721
1 907
1 646
1 364
1 501
1 431
1 655
1 760
1 836
1 529
1 911
1 555
1 904
1 210
1 330
1 705
1 907
1 830
1 674
1 925
1 898
1 159
1 453
1 745
1 637
1 105
1 734
1 747
1 160
1 776
1 302
1 891
1 795
1 111
1 265
1 994
1 93
1 65
1 421
1 537
1 434
1 604
1 652
1 508
1 10
1 652
1 466
1 870
1 262
1 433
1 719
1 39
1 930
1 60
1 615
1 407
1 940
1 919
1 415
1 754
1 60
1 438
1 947
1 137
1 991
1 437
1 347
1 871
1 929
1 625
1 229
1 943
1 96
1 464
1 990
1 286
1 622
1 925
1 734
1 479
1 334
1 432
1 741
1 307
1 288
1 915
1 18
1 389
1 421
1 976
1 68
1 810
1 688
1 312
1 852
1 145
1 56
1 569
1 935
1 168
1 862
1 90
1 643
1 345
1 681
1 177
1 284
1 493
1 777
1 393
1 946
1 516
1 817
1 501
1 15
1 325
1 455
1 755
1 948
1092 3171 1912 2
1861 211 3655 2
2424 691 2650 2
2268 3197 3269 2
3380 777 778 2
1170 246 1970 2
3192 130 2716 2
1097 543 2712 2
204 2125 3405 2
2750 801 1576 2
610 3131 2998 2
2398 3517 2738 2
872 1430 2510 2
1600 2508 1835 2
2942 3723 1416 2
2312 2753 2602 2
1740 3226 3026 2
2193 3644 3155 2
2778 3447 3737 2
3325 1220 241 2
717 694 2056 2
460 61 807 2
1652 289 1124 2
782 3228 2409 2
1314 1984 1552 2
2443 3334 1369 2
359 2628 310 2
420 2296 3099 2
1330 1046 2942 2
2834 3117 3371 2
3076 1498 636 2
2575 3460 1709 2
2080 2384 1557 2
1365 2095 720 2
2487 1930 33 2
1901 13 1628 2
432 3551 762 2
2475 2341 648 2
3191 871 13 2
3576 3718 1851 2
1915 3278 957 2
3425 767 2719 2
1978 1427 350 2
755 3230 240 2
2677 2921 3024 2
2514 1925 2726 2
3013 23 1938 2
400 3317 1837 2
193 938 2660 2
961 1284 856 2
1728 2083 1075 2
3161 1416 3385 2
2868 495 234 2
1110 2698 893 2
3292 2471 2200 2
2287 559 2486 2
127 1972 3116 2
802 3302 2684 2
3310 902 1734 2
3675 3395 560 2
3140 3436 963 2
621 2469 3562 2
2009 2943 1506 2
2539 618 1517 2
3515 778 2734 2
192 2114 964 2
3634 2939 71 2
778 2712 2077 2
3122 1141 3074 2
1492 186 1952 2
2672 122 10 2
2610 2511 96 2
929 2409 960 2
1127 737 3145 2
2622 119 2368 2
510 2911 1339 2
83 3278 3320 2
2995 3376 724 2
2281 413 907 2
1890 2005 110 2
1537 2144 396 2
1570 1878 1068 2
2485 413 1986 2
856 1908 3463 2
3173 2583 250 2
3456 3180 1295 2
2953 2726 3139 2
654 2443 253 2
1777 1178 73 2
82 2867 2386 2
2980 1157 3402 2
3320 4 380 2
1946 2581 1129 2
27 2133 1085 2
1869 1956 420 2
695 3409 3688 2
1473 3347 1686 2
3612 3735 640 2
1786 2439 1871 2
618 2148 1556 2
3268 336 3202 2
1025 3306 3291 2
488 3500 3605 2
3170 1191 3086 2
3100 2028 665 2
3336 1892 2480 2
124 95 1036 2
2922 1290 661 2
3430 3634 204 2
3439 2804 2846 2
1521 1758 2259 2
2014 57 993 2
3657 1468 3225 2
2165 3646 1522 2
880 376 580 2
2428 1430 462 2
2203 3528 174 2
1103 2483 1136 2
3372 2958 1200 2
2860 390 1797 2
1169 2977 3704 2
1958 3368 1736 2
3166 3542 3592 2
2809 56 622 2
2908 885 832 2
1438 3598 3302 2
2162 3717 3496 2
2591 928 2292 2
1556 3344 3076 2
1336 2368 789 2
1416 2916 1726 2
3295 3555 2644 2
282 2729 3664 2
912 711 3390 2
669 1080 1335 2
273 2534 592 2
2545 192 1664 2
3446 2769 2194 2
93 75 1538 2
1970 2592 938 2
126 1 1386 2
372 2666 1303 2
1286 3746 3312 2
3072 2939 933 2
427 2531 3187 2
1363 202 2388 2
1934 3377 1173 2
431 2532 1741 2
2617 1590 1250 2
2646 1338 1842 2
1835 2177 2104 2
1883 2075 2677 2
315 2682 2285 2
831 3229 573 2
3475 2615 1080 2
723 1751 2002 2
2584 1058 915 2
3279 2426 1580 2
3153 117 2398 2
2577 2704 1953 2
727 1341 375 2
1455 3313 2920 2
1847 1803 2986 2
1077 92 2746 2
736 2794 861 2
3069 2747 716 2
145 2880 2509 2
450 2341 2393 2
272 2804 1574 2
2775 2982 2363 2
1538 2803 275 2
2710 2852 1074 2
207 521 2836 2
3578 2925 2040 2
2887 1913 679 2
2795 16 637 2
1789 3432 3131 2
2530 791 185 2
407 447 3089 2
489 217 3302 2
3160 236 271 2
3376 2262 1295 2
2899 785 2014 2
3011 1523 1091 2
2015 1343 2759 2
1773 3589 2489 2
3582 2336 2195 2
3610 490 3539 2
2340 1938 2701 2
3274 380 1789 2
507 1425 3135 2
2369 2262 888 2
254 1297 1283 2
1812 1839 39 2
144 1837 1664 2
1109 1647 1083 2
3668 3289 2779 2
2066 1340 367 2
3675 2109 3441 2
2225 3697 478 2
1934 2001 2084 2
490 89 3271 2
290 712 1836 2
1006 1934 2836 2
2745 2293 3746 2
876 2358 2213 2
3592 2654 712 2
1923 2821 1541 2
3742 107 830 2
71 1829 1179 2
474 3120 3495 2
2404 3026 352 2
1425 3020 2695 2
1177 2857 1863 2
93 2077 1026 2
2871 1707 2490 2
3038 3644 2576 2
2595 2678 3073 2
3708 438 3682 2
2754 774 1877 2
1974 3383 197 2
2587 1445 2271 2
1587 480 1563 2
637 1852 200 2
1837 3682 3616 2
635 3364 2609 2
3158 1520 2498 2
3027 3322 371 2
23 2926 290 2
2340 816 2834 2
1917 410 1469 2
2489 2769 478 2
80 739 1601 2
1562 2466 2443 2
2238 269 3204 2
187 1269 2746 2
1845 980 1215 2
1308 1664 1314 2
1601 333 2581 2
141 2706 1547 2
1889 2874 352 2
1721 1747 3168 2
2955 204 57 2
3673 2974 3032 2
1601 2554 3522 2
1544 240 207 2
2273 2665 1669 2
1096 1842 472 2
936 2613 3340 2
961 2712 2906 2
1826 785 510 2
3706 2205 1771 2
2855 2990 1557 2
390 1516 275 2
2460 2345 3436 2
257 298 929 2
3322 1623 211 2
3492 103 3489 2
1774 2242 2032 2
150 42 3652 2
2493 2387 411 2
1501 1550 1878 2
3394 3675 2880 2
612 1948 3499 2
884 712 1129 2
2400 1938 664 3
1527 2654 1959 2
1340 374 2380 2
1430 1138 668 2
1917 2239 2299 2
2972 2278 3384 2
1954 141 563 2
84 3629 3087 2
2132 2596 2436 2
2510 523 2737 2
3058 3235 522 2
2614 742 2934 2
239 186 1973 2
2030 3646 2437 2
3395 1300 2226 2
2346 1824 728 2
603 2089 2359 2
2952 400 2670 2
1057 2748 3348 2
3023 2450 3211 2
3515 533 1352 2
2036 672 1150 2
968 3020 1998 2
2070 45 1500 2
3446 1999 2417 2
2568 553 1771 2
3272 1952 1160 2
466 1123 679 2
1729 3538 1813 2
840 1614 2065 2
3246 280 2993 2
3094 1533 2482 2
3409 3313 1562 2
459 2150 1425 2
969 244 148 2
844 1379 3239 2
592 2282 1622 2
1666 3013 2425 2
1850 3401 212 2
2567 2063 3729 2
1287 2369 3631 2
2908 1101 3284 2
1677 3489 3041 2
686 189 3107 2
2438 1193 3384 2
1019 1530 2736 2
171 847 923 2
2808 2358 1167 2
1674 823 2864 2
1980 813 954 2
1686 777 3649 2
2276 1095 3068 2
1547 534 1696 2
3521 2634 166 2
1351 1037 2870 2
2113 1479 169 2
2137 2518 3506 2
3031 2880 2373 2
687 1761 454 2
1480 1678 958 2
3033 1860 1506 2
3564 2353 3423 2
1214 3425 2872 2
679 1657 818 2
879 1581 3291 2
892 458 3628 2
921 271 1362 2
3455 1745 300 2
643 2791 2468 2
1081 2629 1695 2
2540 63 448 2
2197 1480 1373 2
624 44 3422 2
1563 1709 1273 2
1823 1775 3519 2
3601 3714 83 2
3300 100 3376 2
1768 96 1854 2
1828 2817 1505 2
3554 2941 1337 2
2994 668 682 2
2611 1795 387 2
1106 3002 3066 2
2169 3036 1227 2
3631 3397 2377 2
1501 1495 2277 2
3247 2568 3012 2
2681 1596 3071 2
1201 2633 812 2
1969 2321 1677 2
2336 1318 2086 2
533 2508 2370 2
1725 2742 2857 2
1914 588 417 2
1093 1969 3150 2
695 2932 3495 2
2123 1958 2854 2
2409 1574 2686 2
3569 556 765 2
3033 2775 3739 2
1628 2731 2249 2
3508 3121 1414 2
2018 1006 1927 2
3110 2557 714 2
2386 286 1481 2
684 791 804 2
785 2874 2474 2
1440 2340 48 2
1616 3171 2537 2
2109 3547 545 2
458 1933 3562 2
3520 2801 1135 2
672 1357 2396 2
2395 765 20 2
167 536 370 2
2543 3732 3348 2
2138 436 83 2
1658 71 852 2
3025 3304 1566 2
1080 3441 1205 2
180 946 505 2
2964 2387 1858 2
3080 2313 1719 2
1150 1933 3409 2
2854 770 3265 2
22 3365 2881 2
2188 2719 2531 2
78 2852 2243 2
747 3345 3254 2
3055 3362 1831 2
2192 1222 2466 2
2784 876 983 2
82 2393 997 2
3117 538 3060 2
3062 165 1969 2
884 116 1539 2
1237 2770 3748 2
1177 1671 1275 2
1755 3404 3077 2
36 3545 3357 2
2856 3377 301 2
1190 2925 3125 2
1759 1966 3644 2
851 2852 1569 2
3358 3328 1829 2
1719 2428 790 2
353 535 724 2
2788 3107 2814 2
2168 651 730 2
1279 3043 2113 2
478 3318 1738 2
3513 859 1824 2
2928 154 1648 2
1009 242 1693 2
5 2268 1361 2
22 681 163 2
447 2977 1492 2
851 2206 620 2
2490 993 899 2
1385 480 832 2
3433 2759 2278 3
2840 2376 150 2
2734 519 968 2
698 3436 2142 2
1381 638 215 2
3513 805 2058 2
1470 3531 3248 2
3115 1716 3168 2
328 1699 2027 2
2010 1297 2258 2
2120 3033 1717 2
1124 1767 1366 2
2011 2804 1066 2
211 1418 2428 2
1982 3535 1963 2
1815 33 3295 2
13 1115 2753 2
1095 1947 912 2
1586 415 2849 2
1241 1716 3414 2
1036 3610 3613 2
1344 1349 890 3
173 3405 423 2
736 1046 2522 2
522 317 2961 2
673 539 3409 2
1337 2916 1709 2
2565 2259 1139 2
3558 210 3335 2
1244 1637 388 2
3269 40 2916 2
1426 3356 474 3
888 1300 1195 2
1200 3440 2748 2
2574 3387 3456 2
385 3587 1873 2
3133 2611 3340 2
1456 3451 1441 2
2231 2503 3384 2
151 3653 1958 2
2833 2458 2405 2
2135 1152 153 2
292 2940 2337 2
1050 227 433 2
3742 1052 1861 2
1622 2909 469 2
169 1347 3157 2
2099 2665 566 2
2759 863 918 2
3727 1355 1252 2
162 1032 502 2
191 1336 2683 2
3594 2024 2748 2
3565 1419 546 2
2049 2305 1154 2
764 1561 3522 2
448 2968 532 2
1053 905 2027 2
728 1451 627 2
2537 2024 3256 2
1121 533 709 2
325 988 1599 2
826 3395 2857 2
1911 626 2124 2
2754 118 3521 2
1642 3486 1665 2
734 3283 3289 2
1819 1224 2872 2
242 1882 2359 2
2034 2827 3260 2
3466 925 2081 2
3493 311 2489 2
214 3397 130 2
1854 2057 2242 2
3719 1846 2725 2
523 220 3284 2
31 3652 2726 2
1543 694 1778 2
3673 2476 3434 2
1265 582 2689 2
3678 741 151 2
2769 2250 888 2
52 2314 2472 2
3280 754 1993 2
459 2753 773 2
3604 3600 3690 2
471 401 3268 2
213 2110 972 2
1434 1175 401 2
676 223 709 2
1 3063 2889 3
2767 2768 3510 2
2538 3351 2150 2
1813 2854 342 2
1525 250 108 2
1313 3688 542 3
2974 20 2690 2
822 1559 466 2
72 1138 2277 2
3121 1756 3360 2
1819 1504 1863 2
480 1993 3241 2
1394 2651 1934 2
2971 3170 1487 2
333 2911 1916 2
2348 937 3227 2
2290 324 151 2
3573 2314 957 2
1394 1109 1583 2
2436 1535 3294 2
3541 3572 3748 2
3361 2830 1330 2
1894 1307 589 2
516 118 3673 2
2956 215 2601 2
3586 3440 2901 2
167 1568 1240 2
3093 3747 2639 2
2965 3187 2881 2
2669 2444 21 2
2234 542 2990 2
3291 3208 2312 2
1971 1333 1371 2
24 983 2258 2
703 2953 2900 2
2087 3246 1347 2
2728 2519 2290 2
3366 1088 3419 2
3700 1959 495 2
2306 616 2823 2
2868 3265 637 2
3275 1740 1024 2
3289 3432 2404 2
254 2575 2537 2
3007 2215 1511 2
2700 2014 292 2
2063 158 1794 2
2855 402 2418 2
1341 503 2216 2
2023 3043 1776 2
1183 2048 985 2
329 122 3539 2
2236 1694 992 2
1384 3716 2447 2
3660 2201 2630 2
1122 1102 2686 2
1180 3171 889 2
2877 1220 2647 2
3128 1650 1917 2
1962 278 1167 2
2114 875 1628 2
3060 1351 1309 2
3679 3506 1626 2
3366 1000 1625 2
1812 2159 3011 2
2351 3430 1434 2
561 1012 715 2
3447 316 2981 2
3338 319 2382 2
523 2911 1298 2
874 1463 1718 2
1375 1633 3287 2
815 1718 1846 2
737 2921 2680 2
549 3011 1547 2
378 1123 705 2
2084 263 759 2
479 2787 2599 2
1761 3261 1808 2
2027 3543 2079 2
3505 2237 996 2
812 3427 512 2
2495 312 1816 2
268 2286 2802 2
454 1115 2233 2
2487 505 3473 2
269 1286 617 2
3248 3684 3480 2
3152 3406 1752 2
787 1716 1718 2
1473 1181 2849 2
3129 1602 2666 2
133 2975 1384 2
3402 3663 48 2
2664 2590 592 2
3436 1974 2801 2
416 2204 2802 2
1054 1831 1188 2
517 2835 312 2
2697 2021 2110 2
3643 290 2404 2
1300 3741 2773 2
2282 2543 2165 2
1004 2642 1455 2
535 3226 3536 2
853 1448 2459 2
24 2526 3370 2
3116 3515 1840 2
1939 2363 1579 2
2820 803 2952 2
479 3153 3241 2
418 1977 3009 2
1685 219 483 2
2048 2369 2892 2
827 146 394 2
3724 2825 18 2
1890 3019 3714 2
444 3458 2262 2
445 2775 3173 2
765 302 1389 2
3607 2326 3452 2
1325 3386 3370 2
2062 1420 2946 2
1801 1447 856 2
163 3029 602 2
3352 926 665 2
2637 2887 450 2
156 81 2352 2
2641 1482 2902 2
2073 42 3380 2
1876 682 231 2
267 2183 1402 2
2228 2261 3641 2
3056 63 255 2
629 3031 3074 2
1621 3309 2833 2
44 2327 2016 2
2129 3066 1665 2
2649 528 2725 2
1034 2423 710 2
1485 2194 2189 2
1782 2958 11 2
2875 964 302 2
2720 1944 2320 2
261 3661 47 2
1804 604 1682 2
2952 2699 2036 2
3678 2857 3231 2
1067 2512 2823 2
2483 3504 1745 2
2105 2151 3209 2
3360 928 3028 2
565 2069 2773 2
2744 125 2682 2
1798 2167 1413 2
436 457 2723 2
2901 1686 1067 2
1732 326 2975 2
3096 2705 3065 2
302 2398 1033 2
2811 2950 744 2
767 2779 715 2
1161 1675 2872 2
2519 2205 2582 2
1911 1176 834 2
1048 1451 2230 2
3569 2475 3281 2
2002 3157 2679 2
2470 1006 2148 2
3653 2651 1903 2
3232 155 1804 2
290 2958 1487 2
2210 2654 2250 2
2502 1451 2828 2
2510 1517 604 2
2306 497 1422 2
2992 66 2477 2
932 3402 1893 2
3330 1995 1045 2
1032 3649 1481 2
3221 1458 296 2
671 748 254 2
2641 320 152 2
77 1233 545 2
2951 2206 2196 2
2109 1142 2560 2
2074 3479 2057 2
2333 1985 2731 2
2903 240 2756 2
2571 3722 1784 2
1590 1527 1240 2
800 2998 1073 2
1201 2734 2171 2
171 3137 2739 2
1236 2994 1737 2
1572 1581 2777 2
3466 754 482 2
440 3098 1413 2
601 1152 2098 2
3583 3369 2403 2
1579 374 2223 3
1364 3434 2056 2
871 475 2803 2
435 3497 1641 2
3021 2432 3654 2
1257 2569 2451 2
1973 63 1443 2
3014 3097 1402 2
2705 2260 3273 2
2693 1356 544 2
1993 1419 2618 2
754 1120 325 2
3464 1518 685 2
1624 502 608 2
2388 2526 2045 2
2125 422 950 2
3724 2871 2267 2
1796 768 241 2
225 2161 652 2
2421 174 3555 2
2924 1289 3254 2
2001 673 975 2
1844 777 2170 2
235 1157 2190 2
2473 2183 2814 2
906 391 243 2
1402 909 3485 2
3638 19 1621 2
1340 605 301 2
389 1738 369 2
1219 519 432 2
1836 2664 547 2
1446 1601 2456 2
2352 3549 976 2
1410 2612 3403 2
1679 3427 3526 2
1717 1559 1810 2
3438 1155 524 2
1063 429 3582 2
2284 1746 254 2
325 2262 2862 2
3006 2161 1318 2
424 2725 3435 2
35 1524 2480 2
1928 3717 1186 2
329 3200 906 2
2909 3468 3449 2
1196 1139 699 2
1205 188 423 2
2836 2577 1111 2
3251 3738 3218 2
2858 1069 2859 2
3734 1918 2121 2
2894 3542 2004 2
1543 2909 2071 2
998 3540 3688 2
2022 2550 3280 2
2602 2669 643 2
2396 3227 2484 2
3739 3021 3287 2
1122 2213 3503 2
2841 3690 3138 2
2031 1569 26 2
2815 749 2529 2
1548 2453 705 2
82 1129 1920 2
2226 728 1904 2
2942 2472 1653 2
3528 2500 2351 2
3182 1370 1561 2
1233 108 2094 2
2015 1601 875 2
1344 730 3595 2
2058 3274 248 2
974 1892 2910 2
108 513 733 2
149 2629 2689 2
459 1929 2481 2
3160 3658 2192 2
3573 470 545 2
32 3407 2001 2
2055 443 1809 2
1964 807 2705 2
81 1665 3046 2
1995 1259 3600 2
2310 3331 1783 2
714 3219 922 2
3291 3459 3471 2
99 1246 1773 2
1925 1444 1365 2
214 886 652 2
1323 11 2486 2
321 1241 2886 2
942 2923 3303 2
2519 897 3007 3
3353 195 2836 2
644 2269 1935 2
2318 2744 2962 2
3160 2194 1582 2
3735 2543 2396 2
267 2662 2455 2
2776 1939 2369 2
1286 2562 1088 2
1595 1685 2892 2
1017 462 2050 2
2710 2265 1372 2
3670 757 1599 2
1649 1894 2923 2
1222 3699 2572 2
234 834 1680 2
1879 369 1807 2
2287 413 1263 2
3116 3568 3293 2
3268 2024 2588 2
3414 3429 3069 2
3211 3416 26 2
85 805 130 2
2463 126 3109 2
205 3650 1951 2
1960 2474 193 2
624 2975 932 2
3375 1452 2998 2
1962 1474 402 2
739 1993 2476 2
1834 982 3024 2
501 1247 217 2
1780 852 986 2
1603 3122 409 2
921 1604 3063 2
202 795 326 2
1896 2041 1830 2
2364 2531 2774 2
1411 3493 596 2
3065 40 891 2
1960 1838 437 2
1283 2936 1297 2
1223 2022 3149 2
1263 1110 2119 2
2289 880 2606 2
2490 607 2603 2
1338 2149 318 2
1942 142 245 2
1933 926 2526 2
762 469 2234 2
3179 402 16 2
2089 3096 1026 2
870 101 988 2
2916 1733 472 2
2100 3134 2021 2
2927 1985 1714 2
1454 3570 1282 2
1989 3596 1327 2
2951 2271 3430 2
1510 2801 1508 2
2808 1670 235 2
3303 524 1227 2
2422 3068 1931 2
866 916 3424 2
835 2292 84 2
3381 1177 1968 3
2858 35 1751 2
1434 2086 1988 2
1833 577 2524 2
718 3706 2703 2
3380 968 483 2
960 1918 3149 2
1159 2868 2963 2
3361 3379 884 2
2309 3495 1017 2
959 2278 2966 2
2973 281 317 2
3185 2620 886 2
2105 2744 428 2
2455 2353 1606 2
311 2064 31 2
658 639 1629 2
1018 2104 2020 2
1090 3636 2411 2
2007 3006 956 2
3122 243 131 2
3457 45 1220 2
1703 293 1995 2
56 3423 3136 2
210 3519 466 2
1174 1857 3613 2
885 2154 1859 2
183 730 3103 2
331 1678 1807 2
2747 1390 2624 2
2100 312 206 2
2555 3282 29 2
3663 1837 1358 2
2587 391 2657 2
115 1052 2795 2
1030 1704 1848 2
3431 3009 3732 2
343 2290 2059 2
2433 2125 337 2
204 3574 497 2
262 1726 842 2
3663 1724 2944 2
2556 3587 2641 2
2206 2718 1800 2
1659 2427 1221 2
252 2789 3118 2
1813 962 2766 2
1838 1005 1312 2
1022 1963 393 2
1595 1938 1394 2
3204 2015 3395 2
1790 2669 291 2
2089 1392 2563 2
2506 3470 2538 2
3474 537 2444 2
1000 3268 658 2
422 2160 2382 2
347 2113 1369 2
973 203 1262 2
186 1557 249 2
3001 958 701 2
624 1851 2328 2
2820 2442 208 2
1757 2783 950 2
92 1277 3277 2
71 2241 1532 2
2915 3678 2457 2
641 327 1312 2
2437 792 721 2
1395 2230 821 2
2148 1030 2441 2
2733 1729 1953 2
184 3439 2194 2
3642 3696 3492 2
1140 2233 1583 2
2385 155 1811 3
1494 2809 902 2
2481 416 248 2
1941 3025 1822 2
463 2838 1952 2
1174 16 1283 2
1436 1866 1759 2
1563 2105 465 2
3499 411 3249 2
3364 3519 27 2
1323 1065 1375 2
2901 3408 3146 2
2097 2714 1790 2
3087 616 1532 2
1565 2907 3142 2
714 615 1536 2
1202 1801 1576 2
3539 3471 19 2
2135 2765 2574 2
2739 3421 1843 2
1729 2381 1637 2
3505 179 2996 2
1559 3710 316 2
2097 388 333 2
2846 3327 237 2
771 434 666 2
394 964 92 2
2208 1802 3350 2
738 1886 1337 2
2273 1437 2871 2
1775 3136 3716 2
2528 1311 2711 2
3425 1532 401 2
562 3143 1740 2
949 835 210 2
1499 1955 2903 2
953 1362 3290 2
2436 2953 1332 2
2227 953 2933 2
2666 1259 1569 2
401 2661 1266 2
2293 1713 2615 2
1844 644 3656 2
1184 1531 2003 2
2297 158 195 2
2151 2957 1260 2
62 1517 3306 2
2674 1153 3527 2
2699 2423 914 2
2797 683 1491 2
1518 1679 1186 2
3215 878 3480 2
3733 2162 2346 2
3420 827 2360 2
1244 2466 3112 2
795 2222 2725 2
3030 533 3488 2
3510 3410 2545 2
3419 853 2177 2
1814 2647 3331 2
1957 1406 3389 2
2119 1713 965 2
933 958 1138 2
3251 3647 3563 2
3737 3679 1656 2
1978 568 1860 2
1541 84 525 2
1757 1646 904 2
2364 3573 286 2
378 1075 2328 2
2443 564 2934 2
1292 1055 1159 2
923 2289 1759 2
884 2770 3515 2
1143 1352 1773 2
3334 3112 423 2
1860 2404 473 2
2469 3327 1098 2
1234 456 2046 2
3413 3399 1867 2
2315 3264 2829 2
1707 1494 1564 2
457 1182 2054 2
2044 2335 3602 2
1997 798 2533 2
2274 954 1680 2
1979 2692 2048 2
3261 3423 327 2
1855 1862 740 2
2703 1455 2756 2
2872 3341 365 2
2519 3270 1882 2
1165 2764 1505 2
1217 3516 2916 2
2303 3011 988 2
2139 1676 1033 2
566 1491 3461 2
347 1184 2418 2
2223 3423 2206 2
3419 2968 233 2
2604 1443 3442 2
478 1702 2808 2
37 1911 930 2
3209 640 415 2
2422 1737 1665 2
1969 1901 310 2
3056 3344 1916 2
2614 801 3128 2
705 2185 819 2
1192 617 2895 2
2457 1075 2261 2
1788 1628 2893 2
2379 3295 514 2
2649 1947 3331 2
1683 372 886 2
1794 3159 2043 2
371 1005 699 2
1286 1492 1866 2
2274 57 1266 2
2266 2016 2313 3
1003 2181 1260 2
1737 211 2936 2
1260 319 359 2
298 616 3395 2
1414 1389 1476 2
1122 2993 1113 2
43 179 2543 2
2003 3619 1833 2
3509 765 3392 2
2115 3679 2623 2
2163 3724 2561 2
2360 3691 2878 2
3437 42 2008 2
675 2214 518 2
546 1774 2755 2
2735 2613 1889 2
2762 2705 3224 2
1377 2147 1227 2
2686 1616 952 2
2252 2244 2749 2
2849 1394 3553 2
1112 1487 2835 2
1096 330 2110 2
2599 2488 3567 2
1499 1794 2725 2
1124 923 415 2
571 61 99 2
1790 2683 736 2
3302 487 3052 2
856 2343 99 2
91 286 695 2
1624 3080 3131 2
1982 1816 198 2
2931 3556 2891 2
741 1594 296 2
2361 911 1678 2
470 991 2465 2
591 398 1570 2
543 1237 2520 2
1799 3544 3363 2
3102 2988 3281 2
1376 1770 1822 2
184 1238 733 2
3172 1262 2436 2
1523 2209 1326 2
1357 1111 223 2
1314 923 3748 2
1538 3436 3424 2
1540 1222 473 2
2861 1688 672 2
3321 812 2330 2
232 1473 535 2
2715 524 1404 2
2274 3532 228 2
467 2636 2606 2
1915 208 3525 2
2766 2773 143 2
3492 3102 2797 2
105 2351 3049 2
353 1905 2685 2
521 2950 2405 2
2084 394 1809 2
1919 3549 274 2
2740 3484 3641 2
2925 2786 1958 2
849 3116 1999 2
2774 1019 2407 2
1547 3235 464 2
2095 2736 953 2
2224 458 381 2
357 110 2613 2
1826 483 3146 2
419 1899 2480 2
724 705 2511 2
1075 3430 217 2
2153 1335 3718 2
1572 12 970 2
2778 3730 1052 2
2516 2875 1259 2
1691 2256 1558 2
3394 2947 2745 2
149 598 1678 2
3708 2433 520 2
3056 233 969 2
1096 986 3378 2
2919 1590 1482 2
2916 2958 3257 2
57 3324 2530 2
504 2312 1961 2
1529 1011 281 2
906 204 302 2
2812 3121 2934 2
1567 3175 3246 2
2285 3054 2601 2
578 1292 1498 2
365 3432 1958 2
2019 3521 2037 2
2463 3037 1446 2
436 2514 835 2
3334 2753 3306 2
1897 3139 1050 2
1945 643 1380 2
349 3184 2409 2
1372 224 2388 2
484 508 2177 2
424 3549 1662 2
2419 2118 2253 2
1071 1460 2428 2
838 1859 995 2
877 2285 2730 2
3674 1907 1946 2
3376 308 1904 2
443 55 507 2
1808 793 1088 2
616 1840 3192 2
2472 2986 3081 2
2368 1899 3324 2
306 3595 230 2
1908 3122 1053 2
472 592 280 2
17 3192 2716 3
1990 1618 1628 2
520 1094 2695 2
1426 2256 2074 2
754 2612 2165 2
847 1547 1216 2
859 611 944 2
2533 563 3105 2
2187 1659 236 2
151 734 2854 2
680 714 3222 2
591 133 2168 2
802 1884 2160 2
210 1703 1898 2
1858 311 781 2
1785 2864 382 2
1308 3030 3705 2
2941 1872 3151 2
1903 1981 1177 2
1018 3245 2860 2
3057 601 1496 2
109 1785 2793 2
17 2044 188 2
1884 1172 818 2
623 498 3477 2
3006 2817 754 2
2664 2222 847 2
551 3386 2954 2
2027 3153 46 2
2367 3439 728 2
3031 2725 2183 2
2382 1489 1877 2
3541 1927 102 2
574 243 781 2
852 757 3248 2
1704 3242 1459 2
948 2328 3421 2
3428 1269 629 2
952 840 1530 2
2750 3236 3150 2
400 1056 1368 2
2799 1543 1561 2
648 1472 1166 2
2730 3091 3075 2
3661 1752 1820 2
3497 2439 3304 2
107 2560 34 2
3549 321 2512 2
1973 928 2115 2
799 967 2668 2
1233 1085 1148 2
697 2902 1682 2
2096 3498 1123 2
1541 2211 1994 2
1321 593 1523 2
1013 2664 2311 2
42 738 3252 2
314 110 1627 2
1661 740 2377 2
3067 2050 2938 2
1419 3618 167 2
2545 2317 341 2
404 1729 2202 2
722 2800 186 2
1894 2622 1097 2
3681 1539 1514 2
176 1770 3078 2
3379 57 380 2
1227 2931 1157 2
989 1464 2554 2
540 2213 3277 2
1797 2568 735 2
1786 103 2262 2
2067 728 1048 2
3204 2493 2840 2
2584 2927 588 2
2450 3389 3560 2
3747 2538 1133 2
1468 3016 1414 2
1603 2226 2221 2
2628 330 3140 2
804 1697 1000 2
2539 572 1777 2
1416 2159 2631 2
2380 2117 3187 2
1249 2317 1386 2
1951 1724 3169 2
3615 868 2654 2
1500 3491 2249 2
2612 2002 1618 2
1535 3575 2964 2
1077 3119 2835 2
2729 441 643 2
1382 1455 2655 2
1203 3472 3554 2
23 3235 3675 2
1541 299 1630 2
2126 1273 3658 2
3276 3244 1158 2
2798 1356 3232 2
3291 1715 3160 2
3221 2701 2814 2
1650 2933 2413 2
1227 1218 2793 2
3454 1973 1521 2
20 1134 3376 2
2332 1234 782 2
2017 3392 1004 2
423 199 2179 2
1239 941 1215 2
2113 1724 3239 2
2832 54 55 2
2365 2147 862 2
3178 2791 1291 2
2588 717 2384 2
2348 3617 2699 2
1844 1629 2325 2
1229 1120 2907 2
1971 765 3136 2
2863 1942 2740 2
3210 2599 3738 2
2480 1142 3648 2
2924 49 58 2
1783 1179 2191 2
3457 2593 2103 2
3583 1483 326 2
240 3254 169 2
1047 2184 2799 2
1727 176 1459 2
895 603 3652 2
1805 2251 40 2
1125 1085 732 2
358 2527 1452 2
3302 2465 629 2
3644 3453 2244 2
2225 1792 449 2
2573 673 759 2
2593 1191 2910 2
2924 22 872 2
3634 3599 1264 2
1785 2363 737 2
1761 193 954 2
2468 3679 3069 2
848 618 587 2
2268 2055 1860 2
3623 2918 77 2
179 558 2673 2
600 1988 1968 2
662 1688 2394 2
1344 447 1677 2
2224 2560 1147 2
2080 472 973 2
2965 1222 1255 2
1185 1591 1847 2
3697 945 917 2
2772 1874 2877 2
2536 2478 3344 2
763 354 1514 2
3305 1816 799 2
278 1038 2891 2
2353 431 1400 2
420 1844 32 2
2386 2181 2071 2
2693 1738 3716 2
2590 2925 1777 2
3179 375 3737 2
2416 1461 1771 2
3537 46 2920 2
1142 1711 602 2
283 1505 1321 2
2712 824 2196 2
2008 3388 1217 2
2150 2222 2825 2
1115 471 3348 2
135 2121 460 2
2186 3711 2415 2
2058 2203 1114 2
1919 1595 1394 2
1172 2639 3090 2
144 720 3097 2
2466 1140 197 2
3726 2783 182 2
3298 1091 102 2
1633 2821 2474 2
1198 1185 1155 2
2341 1055 3211 2
3360 2223 2860 2
1233 1335 884 2
821 950 1436 2
1059 819 3395 2
3225 528 367 2
2442 3489 826 2
2789 617 881 2
2988 685 3717 2
472 3170 859 3
3704 1095 785 2
1511 3628 1070 2
1826 794 3525 2
2624 3143 946 2
303 2857 2718 2
931 3310 135 2
2289 3266 325 2
3624 3209 1898 2
14 3266 569 2
1193 184 378 2
1041 3499 763 2
1524 1961 3061 2
3377 1623 2368 2
2027 2634 2434 2
1378 2132 2528 2
2949 960 3148 2
2445 2275 589 2
3316 1779 461 2
3370 1756 3343 2
2400 2307 2287 2
2371 1276 578 2
2972 908 12 2
302 430 1024 2
576 1546 3046 2
1851 3550 3680 2
2542 1208 2035 2
2027 442 2599 2
1991 3275 1326 2
1389 2464 3478 2
883 3632 3523 2
2910 106 1420 2
583 3127 1606 2
31 2658 2315 2
2431 2725 3748 2
293 1044 3737 2
2671 1722 1755 2
1254 2346 3585 2
2008 2857 349 2
1501 3538 3435 2
2982 752 3610 2
519 1919 2955 2
2251 3068 3101 2
2159 2910 1803 2
2178 663 1198 2
1245 1203 636 2
1271 2557 1266 2
622 2281 2081 2
3587 1456 3147 2
3074 717 897 2
2581 1796 1746 2
2781 927 1034 2
2434 2930 2622 2
2362 2380 2744 2
3168 289 1144 2
1242 2348 771 2
2025 657 1475 2
79 3001 1626 2
3333 644 2712 2
1577 3701 3211 2
3446 55 110 2
1535 2126 1190 2
2876 9 3629 2
2531 399 2157 2
2045 2975 509 2
2489 728 3378 2
883 3360 1158 2
1470 1115 1803 2
537 3290 3108 2
1130 3415 3599 2
2626 1169 3265 2
1520 391 1481 2
1207 3640 461 2
3720 2312 2806 2
2705 439 1544 2
3029 1202 869 2
1230 447 3240 2
2684 3580 2133 2
3645 2317 693 2
1093 2437 3457 2
1658 3416 591 2
696 2868 379 2
3581 3152 3691 2
2593 3108 751 2
318 743 1888 2
273 2355 1772 2
1313 865 2215 2
148 2981 1561 2
3690 633 3522 2
3184 2535 46 2
3674 2449 2193 2
2972 3594 2137 2
416 449 2238 2
3709 1695 3160 2
892 986 444 2
1641 2877 1908 2
3435 3560 3555 2
1952 1620 368 2
1521 1178 3556 2
225 1427 3099 2
1418 8 818 2
926 2462 1171 2
910 84 364 2
166 1831 826 2
256 2664 1355 2
666 1549 35 2
189 2210 1809 2
1033 1262 3470 2
2404 2958 48 2
1688 2761 270 2
2972 3508 1476 2
12 1688 992 2
2461 658 116 2
2159 2458 3114 2
1799 1310 1941 2
2972 1818 2433 2
2020 3090 3185 3
3151 1567 3442 2
3410 2102 834 2
2984 469 2761 2
1200 3667 99 2
1238 3712 199 2
1109 159 2145 2
496 2064 74 2
1284 1743 1635 2
3488 2468 3728 2
3517 3341 3483 2
1923 2634 2223 2
488 1248 1617 2
603 1161 2011 2
2519 2866 3090 2
589 2457 663 2
2177 1926 1763 2
2100 3146 616 2
1843 146 818 2
643 1906 773 2
3417 2863 2755 2
619 460 3319 2
247 3673 1978 2
1355 3283 1544 2
946 920 2085 2
2939 916 3175 3
1725 2466 2387 2
1099 3177 3104 2
1170 3079 3527 2
2336 1585 2493 2
337 112 2419 2
2978 3664 663 2
1779 2096 3565 2
1581 1324 1998 2
2694 2269 940 2
3609 432 2410 2
2213 2959 1350 2
2797 2293 201 2
904 537 1879 2
3575 1152 1061 2
1907 2166 2021 2
3313 1650 3555 2
1544 2326 1199 2
586 3278 815 2
3570 2850 2303 2
2875 1821 1626 2
3305 2995 2643 2
2569 3683 431 2
2218 2225 1092 2
1002 862 2620 2
1854 3340 271 2
1611 1707 2498 2
298 3539 1109 2
3554 784 2045 2
2769 933 2033 2
2263 826 2734 2
2719 677 2824 2
1668 3032 581 2
3286 1208 3366 2
1610 1644 764 2
1183 1492 2769 2
3524 136 3295 2
430 3281 3481 2
2208 3693 2899 2
2457 3168 2550 2
1358 1808 3218 2
3611 203 100 2
1690 3572 3434 2
364 2994 2126 2
1191 3492 644 2
3500 1947 833 2
2082 149 186 2
1760 1107 906 2
2668 2071 1700 2
1523 2452 697 2
1496 1617 1522 2
2999 1250 744 2
2391 168 992 2
2985 1456 2419 2
1748 1796 927 2
2447 288 1741 2
2607 835 486 2
909 1409 2807 2
3099 3093 619 2
2855 883 2715 2
3074 1328 2611 2
3337 1136 3363 2
1371 2455 1119 2
2609 426 1879 2
1742 239 1092 2
3014 654 272 2
3299 3580 2929 2
146 55 927 2
3400 3011 1467 2
1675 2364 139 2
2308 2019 1991 2
706 3566 3020 2
2001 2899 1808 2
2466 913 3410 2
3492 2132 510 2
3188 3507 392 2
3533 2411 639 2
868 989 2612 2
1356 1170 3276 2
1804 110 1806 2
3120 1303 3583 2
2982 2552 364 2
3450 1954 2755 2
3054 103 1212 2
1992 3472 6 2
2737 421 3021 2
3570 3232 3193 2
1227 772 3723 2
975 2738 3736 2
2436 478 367 2
1118 2461 1743 2
3494 3522 3511 2
3629 1203 2628 2
1633 2656 546 2
489 1002 1483 2
2948 3229 1034 2
51 105 66 2
153 454 1212 2
1242 1613 2121 2
3072 995 2993 2
889 241 1829 2
2183 1990 3688 2
2367 3671 975 2
1471 1381 3395 2
2999 2170 359 2
1402 3700 306 2
1095 3427 953 2
1433 174 1401 2
2030 1061 1325 2
2103 522 713 2
1421 233 3239 2
2788 3037 3197 2
2666 2530 3603 2
328 1140 982 2
2852 3473 2928 2
1559 3664 779 2
3701 3050 3494 2
147 1938 2813 2
2896 3680 381 2
2774 1011 3002 2
1626 474 455 2
3514 3039 3619 2
1373 2154 662 2
1764 2563 397 2
229 2972 2108 2
3253 3552 1463 2
3174 1799 1113 2
857 1275 1367 2
1983 2237 2723 2
2262 3508 877 2
3389 969 1381 2
297 1062 3338 2
1460 1488 258 2
2086 1002 1676 2
187 2151 1718 2
3545 3258 1479 2
2735 882 2471 2
2162 224 2900 2
813 2027 3427 2
3553 1292 783 2
2368 2025 1744 2
1323 2370 117 2
826 2246 1640 2
3284 997 356 2
230 616 3739 2
2648 3719 617 2
321 2235 2886 2
2259 3498 2064 2
1781 2077 1117 2
3700 761 1936 2
3232 2087 180 2
896 373 90 2
3299 1185 154 2
2683 1005 949 2
2577 3623 3255 2
480 114 1348 2
1521 3670 1437 3
390 2525 3645 2
3707 1165 2352 2
260 514 1861 2
2469 1132 1225 2
3258 489 2511 2
2151 140 2149 2
3673 1164 932 2
1103 3640 1400 2
199 3428 3598 2
425 387 3526 2
2478 1037 3210 2
3400 2342 708 2
2350 1089 1257 2
1371 1502 1806 2
1780 2803 1430 2
2481 3218 1603 2
3634 515 1410 2
3102 2641 163 2
3642 2942 1869 2
2771 47 1183 2
263 438 269 2
925 2442 3446 2
3256 1756 898 2
1132 3371 1564 2
280 247 1839 2
731 3706 2903 2
3433 1407 1647 2
45 3636 1976 2
665 959 2527 2
301 2079 2322 2
647 245 2265 2
3177 2419 3279 2
2546 3432 2861 2
2568 2198 2690 2
3260 465 464 2
2213 402 1628 2
3081 693 3009 2
442 298 2009 2
2604 824 1304 2
1625 3037 2386 2
1966 61 86 2
2496 2598 3550 2
3255 2493 1351 2
2139 2613 1126 2
3391 3103 2412 2
544 3370 1417 2
2055 2468 841 2
3648 3692 2917 2
1578 3381 3007 2
1810 2794 3503 2
707 3587 2885 2
947 1847 971 2
995 356 1409 2
1063 636 1342 2
1470 2381 1131 2
2298 3084 21 2
3109 2477 3449 2
1102 3252 857 2
1226 31 2505 2
3082 416 898 2
24 378 140 2
2426 328 2042 2
781 1794 882 2
2599 1115 609 2
599 1704 1837 2
1110 87 1724 2
96 1226 1364 2
2883 3492 2122 2
1962 2731 1154 2
792 3656 2859 2
1125 2329 410 2
1832 3737 726 2
1383 276 1059 2
3576 1267 1221 2
1752 2919 1162 2
1176 3721 1931 2
931 843 368 2
1362 3409 1168 2
1177 757 2829 2
27 1452 2398 2
1560 1227 1158 2
1611 1338 1989 2
2897 196 1341 2
1514 745 80 2
499 2377 2831 2
417 335 3498 2
1390 1328 1876 2
2305 2149 3352 2
2554 180 1477 2
520 1724 2329 2
269 2496 1593 2
2545 940 932 2
420 2434 976 2
2934 601 3685 2
2377 694 3417 2
633 2136 951 2
3295 2252 3632 2
1814 1448 1533 2
1357 2501 2006 2
2838 3141 3435 2
234 934 1502 2
1999 1786 159 2
2788 2190 3384 2
1063 1528 720 2
1768 1327 2976 2
1019 2807 2321 2
1681 3305 446 2
195 2067 2833 2
1615 2112 704 2
2298 2733 1277 2
1104 1901 991 2
306 1435 2885 2
2118 1793 1618 2
1403 3699 1165 2
221 216 430 2
1526 2647 1438 2
2272 523 2058 2
25 359 3290 2
578 2969 2023 2
54 865 3595 2
225 1202 3557 2
430 2876 2069 2
54 1736 225 2
443 1630 1492 2
2888 2319 1767 2
125 2627 663 2
716 2745 689 2
3040 591 1433 2
3005 2269 845 2
2625 347 571 2
1621 2071 1688 2
512 705 101 2
1584 3297 152 2
3605 1146 3395 2
300 2246 3597 2
126 1273 712 2
918 3618 47 2
770 136 3143 2
760 2645 1654 2
1136 1917 2690 2
2826 2789 422 2
3052 2300 1628 2
2378 1534 2353 2
3739 357 2864 2
2798 853 486 2
2043 887 1776 2
2648 2902 3449 2
2159 1535 1510 2
323 178 2145 2
380 398 1824 2
948 2516 1180 2
2656 870 135 2
2107 979 3149 2
2071 799 2060 2
1857 1862 221 2
3551 778 3229 2
3680 3148 166 2
1685 6 3084 2
89 578 1028 2
2941 1191 3581 2
2854 1356 1702 2
3689 3583 2310 2
2972 359 2126 2
2818 2040 3283 2
1131 1974 1523 2
2495 2610 3141 2
2067 3625 1165 2
2535 2181 2278 2
2041 2181 414 2
1168 170 2911 2
2085 697 2529 2
3014 1762 1977 2
3262 1237 2682 2
781 2066 547 2
2243 171 469 2
1294 223 773 2
1006 1325 2001 2
2276 225 3391 2
3291 2119 3507 2
346 1794 174 2
3288 1912 2889 2
434 167 2329 2
3739 784 390 2
651 576 743 2
1050 2964 2733 2
2894 3149 1579 2
2284 533 3105 2
2144 2111 3569 2
2181 2663 2592 2
2805 3441 281 2
539 3220 1786 2
3162 2690 1889 2
2504 2885 874 2
2587 185 1768 2
44 2084 718 2
1468 2410 1920 2
2307 2832 3128 2
3145 280 2670 2
1904 3009 3669 2
3698 868 914 2
777 2581 2098 2
2725 1384 1198 2
1956 2742 39 2
2432 1192 2505 2
1355 833 1889 2
1605 21 2857 2
2832 647 3556 2
2515 700 2426 2
1845 3582 2636 2
2998 2880 2405 2
650 721 3225 2
423 649 1492 2
489 3042 3245 2
2514 195 661 2
1952 2977 1324 2
2556 2897 2093 2
240 1521 1746 2
176 797 1241 2
1866 2543 2072 2
944 2492 2256 2
193 2868 1816 2
2942 3294 516 2
1828 1817 2934 2
1783 1468 108 2
1861 406 3436 2
2468 2024 730 2
1036 170 968 2
2509 2615 1650 2
40 3605 3231 2
104 1750 1385 2
1853 2891 2223 2
1076 841 1449 2
618 2412 3230 2
233 1625 3397 2
3001 1506 3531 2
2078 1796 2062 2
953 218 767 2
1768 1846 773 2
463 844 620 2
3411 2522 433 2
2107 37 119 2
550 2355 2670 3
2131 3630 3445 2
226 3640 3001 2
364 2143 2626 2
732 1140 2601 2
3539 2881 1942 2
990 343 107 2
3306 2868 2144 2
3136 2137 3634 2
876 1552 98 2
2229 3079 114 2
1388 3719 523 2
60 3362 844 2
1242 3403 1521 2
1909 1617 3182 2
2525 1220 197 2
153 1938 3327 2
520 1662 1894 2
3735 918 2867 2
2578 2182 2744 2
3267 215 3576 2
1144 2708 2714 2
1317 2487 2301 2
167 3189 1318 2
2916 257 3724 2
3283 2512 3562 2
1887 2046 1153 2
1922 2063 1313 2
1028 2462 2826 2
3106 2822 3719 2
3445 101 742 2
3267 214 3693 2
1087 2228 1898 2
2723 2131 3644 2
2397 762 1795 2
1369 3716 847 2
1359 1564 356 2
1265 3462 3643 2
2093 3004 105 2
406 577 3086 3
1101 241 1829 2
158 585 487 2
1933 2156 1857 2
3240 3396 2203 2
2311 104 537 2
1332 290 1623 2
3669 1231 2476 2
1804 2584 3070 2
2608 2856 2871 2
653 3198 2275 2
2533 752 506 2
2266 1018 100 2
501 1038 3044 2
964 2326 2311 2
2996 3520 3519 2
315 186 485 2
1348 805 3366 2
1936 1180 1175 2
2263 2887 1409 2
1471 2103 2946 2
858 488 209 2
2375 3436 2908 2
3042 3364 2660 2
316 2683 868 2
2652 1850 704 2
3597 388 483 2
1397 3523 3629 2
432 1379 961 2
351 1531 2056 2
363 778 1243 2
202 2023 1734 2
2062 218 2948 2
420 584 402 2
152 306 1670 2
1220 2991 3338 2
1998 1445 1329 2
607 3589 2880 2
1756 3193 2908 2
2536 1466 3070 2
2321 1717 3259 2
2756 2224 3665 2
2364 2583 714 2
1081 1651 1138 2
3101 883 203 2
1013 997 2284 2
2629 1554 2478 2
1556 1996 1858 2
1673 341 3602 2
2097 2048 1506 2
836 1738 60 2
1939 2246 3387 2
1103 2347 714 2
1885 2106 3002 2
3418 3242 419 2
1233 1589 1898 2
3308 3023 123 2
1014 927 907 3
2569 1083 888 2
3342 2650 276 2
1260 1293 2738 2
397 1494 619 2
3394 3484 899 2
3677 1236 83 2
80 1516 2178 2
2679 862 1824 2
1555 3176 2934 2
1031 123 316 2
2845 2453 1980 2
2526 905 1991 2
3258 280 731 2
3686 3685 1828 2
111 1836 1920 2
1529 3075 934 2
913 1798 1533 2
2034 3692 2667 2
3349 3420 2617 2
2351 2699 2715 2
805 3648 723 2
1314 1820 3076 2
2216 2380 2475 2
3126 934 2569 2
3302 843 2637 2
116 416 290 2
548 1693 370 2
920 1296 1916 2
3613 1092 2212 2
843 2055 1378 2
6 3293 1578 2
1051 2039 1972 2
3223 1380 2687 2
3260 2383 2101 2
2160 1945 1949 2
1877 627 972 2
2676 2564 159 2
1940 2597 915 3
661 3289 1446 2
3078 1612 50 2
861 719 1695 2
3378 1123 1065 2
2193 577 475 2
1908 828 914 2
1895 2219 2066 2
2402 3262 1654 2
556 1939 694 2
221 1382 2002 2
1003 2042 3580 2
2874 2415 2294 2
17 1679 1388 2
2847 382 1924 2
3658 196 3094 2
2780 2371 229 2
2725 272 1639 2
287 2066 2316 2
1187 1249 940 2
2607 416 918 2
2582 1197 921 2
1738 1021 1353 2
57 755 765 2
863 2539 1619 2
3696 2148 851 2
3055 1103 2644 2
192 1404 1409 2
190 497 370 2
2398 856 1079 2
74 240 3595 2
3245 3665 2781 2
1022 2379 2697 2
1184 700 1196 2
1067 2528 3716 2
231 647 3522 2
575 33 1458 2
2218 1241 2063 2
3013 2337 3054 2
3691 1246 3475 2
3124 3743 3208 2
2199 3666 3135 2
2657 1609 1864 2
2904 762 2527 2
1107 3736 876 2
325 1522 347 2
2445 808 3437 2
3080 2049 439 2
2992 30 3645 2
2576 318 595 2
1063 3574 991 2
2741 1534 2376 2
1244 1743 2261 2
1991 3435 347 2
2223 1404 478 2
3469 378 3745 2
1833 1732 3250 2
429 426 1054 2
764 1781 964 2
3546 1868 3537 2
2809 3593 3076 2
2232 860 3247 2
555 549 2438 2
2629 551 3620 2
1897 3116 701 2
273 2656 390 2
3731 774 621 2
789 293 1888 2
2617 2645 3492 2
629 2483 385 2
2856 2144 1809 2
1075 2783 592 2
1286 2522 1144 2
2338 1232 2594 2
544 3646 2524 2
1428 2611 2280 2
2040 211 1262 2
1876 3130 1051 2
1179 2932 2938 2
1936 385 23 2
433 3388 288 2
721 3040 2728 2
561 1261 1876 2
3675 1810 3292 2
2307 2567 1781 2
764 1928 3104 2
3664 2691 1192 2
1321 2596 990 3
1087 3095 3065 2
3271 965 1671 2
1386 2509 3351 2
2830 357 2614 2
2818 3410 361 2
2818 1104 1783 2
1306 207 913 2
2223 2728 890 2
808 1378 2755 2
3366 3378 692 2
3288 519 3277 2
1694 979 3083 2
1706 3434 3216 2
2713 699 1449 2
1264 1456 2613 2
203 47 3570 2
213 1821 633 2
3243 3570 452 2
2804 2730 1303 2
222 3382 1250 2
1700 1119 111 2
690 2307 3284 2
2360 2252 949 2
442 1017 1023 2
1539 435 323 2
3068 1661 565 2
3330 894 3650 2
2468 2934 3246 2
109 3343 423 2
489 1411 1129 2
455 1734 2462 2
2439 2090 2985 2
2296 1643 613 2
260 1783 2667 2
1644 2020 409 2
3199 176 3231 2
2806 1809 72 2
596 1423 3452 2
817 681 1023 2
29 1077 3205 2
2917 11 1429 2
3092 1710 2922 2
3530 835 3735 2
1403 1016 3519 2
390 2375 1560 2
3709 849 1935 2
1846 1379 2672 2
2748 1994 1539 2
2986 1815 2670 2
3708 771 2591 2
3062 2970 3528 2
1795 2630 1050 2
409 3214 3660 2
3228 393 2323 2
488 248 845 2
3617 1041 1915 2
1134 2053 1300 2
3327 3448 776 2
3107 2023 1954 2
1955 910 2382 2
1288 2998 2453 2
1870 24 3407 2
2854 177 2244 3
905 49 1307 2
920 1794 2850 2
120 1581 1137 2
494 2043 1140 2
2143 953 3527 2
2304 3709 833 2
293 1105 2402 2
933 1337 121 2
1252 3119 2703 2
1696 968 174 2
1188 3032 3555 2
1859 2396 2888 2
1407 3453 283 2
2784 3710 3586 2
676 2349 233 2
3031 2225 298 2
3303 1262 2656 2
2176 3745 2410 2
2657 1582 2341 2
1620 3345 335 2
663 3544 858 2
342 1073 3385 2
776 2107 1991 2
3749 72 3131 2
3280 541 2196 2
2888 1145 1864 2
2461 5 2031 2
671 309 1543 2
479 1591 801 2
2580 1647 2799 2
992 2704 3507 2
2896 1177 2591 2
759 1214 1342 2
1402 2914 2946 2
2356 289 3570 2
3388 113 1805 2
1351 2909 3173 2
1779 1118 997 2
3502 1254 477 2
868 300 3099 2
743 1139 219 2
70 3530 1711 2
3173 29 2439 2
540 1578 198 2
2606 2401 2365 2
2421 1577 2429 2
2489 3166 349 2
217 1363 2476 2
34 759 3695 2
2260 2228 1953 2
865 1607 2477 2
3044 660 1720 2
725 281 3521 2
981 1069 717 2
396 563 1490 2
193 2769 107 2
852 2593 1690 2
1518 1594 3522 2
2031 2375 1495 2
1834 3387 3295 2
2442 742 925 2
2056 1438 1485 2
3564 1825 1621 2
250 2047 2152 2
3587 3134 1696 2
1417 776 497 2
648 2504 2515 2
1204 3075 2857 2
3556 1863 2299 2
2855 465 1363 2
1820 1854 3585 2
892 2345 1707 2
3030 3571 1234 2
2371 1887 2221 2
2036 3225 1023 2
490 2428 3187 2
2813 78 727 3
629 897 3271 2
2229 2974 1769 2
1830 2962 792 2
824 522 2707 2
3400 1827 2915 2
2744 1241 3398 2
3142 2818 3120 2
3704 330 883 2
38 2615 2850 2
889 3404 1572 2
2938 830 1596 2
3026 2633 3712 2
1961 1267 388 2
2165 760 1358 2
581 2565 3339 2
748 2292 1498 2
3579 122 212 2
478 3305 814 2
2867 1564 3720 2
258 1559 2707 2
2422 2561 1797 2
482 828 1313 2
3136 1487 2214 2
3314 2447 2682 2
784 1780 3104 2
1885 711 968 2
2548 3037 3517 2
3252 313 61 2
3053 1 1386 2
3661 3514 2423 2
3718 1273 1126 2
2302 1448 93 2
287 322 3325 2
3305 2168 3169 2
2280 347 2982 2
300 1179 3547 2
25 1039 461 2
2462 2911 1573 2
3505 582 709 2
1965 1415 3221 2
1718 309 1662 2
3287 1423 651 2
1223 2110 1467 2
191 3359 2784 2
3596 2425 2419 2
2242 3404 1738 2
2553 2119 513 2
112 364 1882 2
245 2994 1470 2
3608 2052 1600 2
363 21 1449 2
295 3292 3315 2
2288 3527 3631 2
2263 1018 104 2
1001 2824 1253 2
2578 1632 337 2
1560 899 279 2
534 3400 3125 2
3669 3029 2022 3
122 1980 1959 2
2938 321 3354 2
103 470 446 2
3206 161 893 2
1802 163 2672 2
1568 1197 2165 2
3553 2113 2547 2
1909 84 3682 2
2442 2569 3558 2
927 3143 511 2
2438 3193 22 2
3367 1076 1077 2
3467 852 1136 2
2854 1853 396 2
1150 2057 2865 2
2420 2617 3492 2
1752 155 713 2
2520 2675 675 2
1658 688 1150 2
2372 2227 2654 2
1752 3275 691 2
1906 377 3368 2
14 1687 1419 2
1858 2682 1371 2
1990 2147 2174 2
1786 2773 3065 2
583 1577 452 2
655 772 1274 2
58 3015 2095 2
3207 1930 3492 2
1163 413 2886 2
2904 3279 409 2
832 3412 791 2
3673 2598 322 2
712 3621 1603 3
1073 320 340 2
1378 36 2797 2
1297 1992 559 2
3396 1497 372 2
712 2074 1624 2
3731 1246 1850 2
1477 1683 1895 2
2617 610 2493 2
2509 439 3632 2
3454 2547 656 2
1335 2 3090 2
866 2405 2766 2
412 2685 557 2
3709 2001 2255 2
213 3438 2366 2
169 244 3133 2
474 625 1761 2
900 2454 1600 2
2425 1153 1305 2
1607 6 1991 2
764 1201 396 2
3260 59 788 2
1884 1222 2683 2
2233 2961 3533 2
2854 3556 2215 2
3368 2938 2386 2
2537 628 2047 2
3522 2893 2376 2
578 3668 589 2
2541 3114 2909 2
2117 3333 1269 2
1730 69 2439 2
996 2186 549 2
1887 2660 1746 2
3427 2928 589 2
2167 1847 2979 2
408 3426 875 2
324 189 2127 2
1483 2829 2040 2
2792 3715 2956 2
2609 2381 681 2
2307 3698 2975 2
2088 3063 1626 2
140 629 25 2
442 3241 772 2
1243 1758 3666 2
292 1654 2994 2
500 3707 2492 2
1340 2159 1585 2
3574 2638 218 2
1634 3405 940 2
1236 531 154 2
2654 2189 3408 2
1800 3311 2682 2
2862 746 1248 2
1006 2316 3383 2
3231 2402 2289 2
2839 2331 752 2
1478 298 154 2
3615 58 723 2
3097 1113 3237 2
717 1320 247 2
1034 3440 1005 2
493 1545 1732 2
521 1164 1409 2
74 1923 281 2
27 802 1022 2
3616 2933 2829 2
1403 1920 1418 2
1419 2893 2154 2
380 2068 1156 2
2144 272 511 2
3139 2968 1927 2
2829 3296 1637 2
629 837 2147 2
3015 473 1727 2
103 1131 3748 2
197 2277 1796 2
1054 1365 1732 2
249 3256 315 2
1794 2642 1713 2
1939 2061 1680 2
1839 452 1053 2
1357 1237 1143 2
558 2830 3213 2
3066 565 726 2
2149 1108 1708 2
2803 934 2759 2
1805 1693 473 2
1185 807 920 2
718 917 1723 2
1424 3621 182 2
797 1905 477 2
2749 3415 1256 2
3562 2864 2671 2
1699 1598 1958 2
1542 1593 819 2
292 3600 2941 2
3649 3185 3015 2
2845 3350 2913 2
510 1747 2124 2
2145 1063 456 2
528 3092 2419 2
1874 840 624 2
484 374 1041 2
2611 1828 1503 2
530 2204 3579 2
1996 3616 2337 2
413 2175 1054 2
831 1954 3193 2
1839 3314 672 2
381 3668 1667 2
454 2927 635 2
1595 2448 556 2
1537 999 3109 2
1366 1215 646 2
212 2647 204 2
1712 2613 189 2
3108 532 3594 2
121 390 3341 2
2956 3104 3035 2
3313 1597 703 2
3034 1606 2220 2
2145 1149 1772 2
2105 3239 3724 2
534 1595 1103 2
3098 123 1122 2
2735 1051 3461 2
818 1745 2388 2
260 2947 2652 2
3712 1435 3734 2
1262 1935 2844 2
2111 1193 142 2
1838 2629 863 2
1830 3684 1840 2
343 3285 735 2
842 2224 3633 2
1672 2452 1278 2
2398 141 204 2
362 1907 2889 2
628 1324 2153 2
716 1033 2483 2
1464 2954 1463 2
359 896 1128 2
720 3529 941 2
777 1352 3490 2
3556 3087 1190 2
2738 1588 1940 2
2052 1077 3542 2
3519 2008 848 3
2237 552 125 2
1459 251 262 2
2196 2878 2419 2
2425 2696 2927 2
397 987 1162 2
160 1967 2606 2
2289 1149 702 2
495 977 2127 2
3115 2442 2569 2
28 2998 3017 2
1897 3159 3596 2
1937 1239 901 2
2709 674 1365 2
792 3322 3383 2
3665 1039 748 2
1250 1517 622 2
1337 2421 3671 2
1010 3482 2287 2
3230 289 169 2
756 3701 1532 2
3327 599 428 2
2911 2097 1380 2
1674 2515 158 2
2081 488 492 2
1904 2397 1077 2
3432 1737 1326 2
133 1751 452 2
122 1374 1371 2
46 1225 2605 2
2205 3673 346 2
2897 2734 2056 2
729 1470 19 2
3228 2183 3137 2
731 960 1373 2
2370 3172 834 2
1686 2361 1845 2
498 2791 5 2
1145 3678 317 2
3432 2191 1346 2
2260 989 3003 2
1471 3049 2525 2
2493 1550 982 2
947 1610 2358 2
435 3638 2038 2
2519 2039 1879 2
1773 1407 3727 2
2371 1399 1415 2
401 69 3041 2
3152 417 2877 2
440 1461 2296 2
1163 615 3746 2
607 1549 2029 2
2251 714 26 2
3483 632 2634 2
3748 1160 2100 2
2936 685 3429 2
2626 1157 1974 2
178 3352 1999 2
264 3121 1772 2
369 3044 2089 2
1632 2073 1792 2
957 3346 1347 2
2230 605 610 2
642 3355 478 2
2118 1113 1500 2
1213 3627 2234 2
1356 813 2974 2
1654 3743 2000 2
1378 1886 3581 2
3049 1294 1424 2
1952 1763 3021 2
417 2748 3594 2
3632 2575 2378 3
3110 2888 2185 2
3017 2918 1489 2
1632 1062 3409 2
1236 1362 250 2
3115 2908 2470 2
2695 1192 1747 2
780 965 2565 2
1999 165 877 2
602 144 568 2
670 1530 419 2
2312 343 2757 2
914 395 1244 2
2176 40 1960 2
71 2726 2242 2
3226 2896 939 2
3366 2856 3658 2
3535 677 1258 2
257 1746 2903 2
2576 140 2443 2
3043 1788 2758 2
54 2593 2210 2
140 438 2662 2
787 3461 3494 2
2423 203 815 2
672 987 130 2
846 1762 3326 2
1781 1911 3689 2
958 2421 1852 2
2096 2483 1925 2
438 366 440 2
729 720 2478 2
339 1123 3640 2
1336 1626 29 2
2274 1274 3671 2
1696 2983 495 2
2283 1624 2532 2
674 2453 2005 2
1577 1751 2263 2
3565 217 787 2
885 1267 3497 2
2301 459 1742 2
2801 2 1397 2
1820 2701 3479 2
2814 2382 3665 2
2856 3414 550 2
1711 3183 2507 2
1130 3454 759 2
3482 3439 1481 2
3023 488 3665 2
3695 3183 1357 2
959 2552 1180 2
1648 525 1088 2
1903 2682 1883 2
1212 2072 473 2
2351 3427 613 2
3406 927 1328 2
849 1318 503 2
1975 3645 1370 2
3099 2721 1104 2
3563 2607 3103 2
1541 1160 377 2
2678 2374 1646 2
664 256 3420 2
648 2159 409 3
2545 2584 2605 2
667 2113 3532 2
13 1681 3106 2
461 3713 2345 2
2343 2340 2324 2
1871 404 1154 2
3669 2910 1532 2
1980 1986 434 2
1573 3644 655 2
2900 436 996 2
1849 1582 2818 2
1266 2632 1791 2
538 2230 357 2
1938 1613 2748 2
165 1421 2313 2
1249 530 2619 2
178 170 2973 2
337 2141 3703 3
2180 643 1452 2
1299 252 1230 2
1759 33 726 2
1109 321 2906 2
3418 2468 2425 2
3659 3489 1227 2
862 3414 2625 2
1587 2387 2890 2
807 3277 1610 2
1596 1583 1802 2
2153 2192 510 2
1195 2419 2075 2
664 2430 1356 2
3488 222 2861 2
168 365 1179 2
2574 248 3354 2
2017 3319 1287 2
3385 1275 2120 2
3229 3331 2941 2
1946 1530 731 2
1627 1955 2360 2
1883 2207 2875 2
1924 2847 2819 2
2671 635 2213 2
1818 3237 1402 2
420 116 660 2
988 3240 974 2
720 1061 2300 2
3744 1723 138 2
1202 281 3505 2
3530 1961 286 2
2447 1210 396 2
1756 3261 470 2
2000 998 1490 2
2546 3143 2934 2
729 34 2563 2
1787 3284 1640 2
3103 1314 143 2
588 3211 2692 2
765 3559 3528 2
2068 1857 1441 2
3002 1907 642 2
2236 278 2597 2
3571 2112 1404 2
408 1479 1098 2
2069 3117 1174 2
633 2616 2329 2
703 2799 2272 2
594 1083 2371 2
364 791 1224 2
3532 2791 1245 2
351 3288 208 2
3573 544 355 2
3282 2068 1653 2
2813 105 2490 2
3 1691 410 2
2459 2463 377 2
2585 655 555 2
485 310 2397 2
2781 12 2823 2
1183 1940 1460 2
577 1213 3471 2
3067 3571 3224 2
3562 3589 309 2
1106 991 714 2
1462 3468 2727 2
3217 248 1694 2
1884 2084 2452 2
3578 1502 2773 2
1539 1480 534 2
1741 346 1922 2
897 75 224 2
378 3424 214 2
2957 2290 3362 2
3583 584 712 2
333 1897 1633 2
2109 563 2182 2
101 239 3672 2
825 2042 3686 2
3749 2780 1341 2
677 2287 1433 2
1661 2280 1461 2
3423 2856 3019 2
1760 1429 808 2
3559 3479 2339 2
2528 1689 433 2
307 3014 1187 2
282 259 5 2
1335 3156 2600 2
3679 1889 2485 2
350 97 2101 2
1926 3629 115 2
1097 1468 1477 2
3441 2967 507 2
2995 1380 3130 2
1286 3027 488 2
3216 1902 1387 2
2682 2210 540 2
1951 2860 1067 2
2238 1618 642 2
228 3138 1056 2
3020 123 3650 2
3190 1526 594 2
1578 1901 961 2
1395 2750 1662 2
2341 2560 2625 2
2595 991 1117 2
3452 15 1282 2
514 2077 1788 2
3346 650 2391 2
1437 731 2850 2
3462 1674 678 2
3434 2175 772 2
2650 471 3486 2
676 3157 2787 2
3636 624 1706 2
541 3135 1516 2
2551 3177 3317 2
2464 2253 2830 2
3139 2154 3050 2
2394 813 1590 2
2771 1885 2125 2
2619 140 2300 2
2666 3175 2468 2
2145 1941 1911 2
1642 258 1410 2
1306 1966 3117 2
477 1451 902 2
2614 3298 1523 2
2491 3631 1284 2
3171 1402 3251 2
3395 1108 2111 2
1294 725 1161 2
3316 1476 3429 2
1477 3641 1880 2
3035 2473 3288 2
1318 245 3740 2
2181 1556 1296 2
786 1664 3346 2
1475 1367 1488 2
1917 1836 1877 2
450 322 750 2
1951 2590 3676 2
1068 2986 3626 2
2020 375 2565 2
1563 1084 2057 2
2996 3743 3198 2
3678 640 1422 2
2017 265 3590 2
172 2919 1487 2
194 1047 2265 2
1420 1444 1421 2
764 169 2318 2
1155 1904 3197 2
552 3605 3693 2
3371 2903 3562 2
3270 403 918 2
1721 2751 1792 2
1739 1141 1802 2
3605 1882 1583 2
997 2444 1498 2
2923 1556 2074 2
1298 3358 603 2
1719 162 1837 2
3248 745 1603 2
2055 622 3603 2
2615 3352 780 2
447 2062 1328 2
498 2648 3688 2
284 928 1501 2
3359 585 1425 2
917 2643 2956 2
558 2961 1181 2
2365 721 1167 2
2224 2625 3222 2
3460 427 1323 2
765 2064 1092 2
2789 1650 3145 2
2499 3351 3303 2
1367 2599 95 2
539 1423 144 2
1580 3153 2493 2
1450 2173 3421 2
3349 2476 2268 2
512 1551 2206 2
2789 534 3580 2
470 163 3630 2
307 1817 732 2
3723 3249 3322 2
3218 3714 770 2
1684 1444 1436 2
1641 3006 3205 2
2713 1506 501 2
3116 343 641 2
1372 1661 1410 2
2842 2917 2655 2
2427 122 703 2
2542 1661 2027 2
261 1323 2384 2
3732 112 666 2
70 1800 2243 2
2695 269 3468 2
3625 1918 2460 2
3144 1997 1570 2
1153 150 2850 2
1198 1777 1076 2
2628 2882 2253 2
2269 2470 314 2
2442 1150 240 2
1482 939 65 2
917 2984 674 2
2800 2827 467 2
2744 184 3679 2
342 1441 461 2
2368 605 1789 3
898 3447 1114 2
3530 2234 2719 2
3567 1651 289 2
1641 853 321 2
1805 1904 1137 2
740 2234 1147 2
561 2444 941 2
172 1247 2607 2
1778 1483 2091 2
2125 2114 2112 2
299 1676 735 2
3627 3531 1860 2
918 1629 542 2
11 270 644 2
1716 570 3175 2
2669 3559 1886 2
1151 2557 653 2
1144 1920 3081 2
3098 3086 2412 2
1899 2053 2016 2
636 3436 118 2
474 3125 111 2
909 3490 163 2
2 332 1986 2
184 458 3657 2
2262 3595 135 2
627 3683 409 2
2767 1430 2852 2
3561 3195 539 2
277 2175 3314 2
2065 351 2432 2
2129 1281 658 2
2258 2783 2583 2
2624 634 893 2
24 3284 911 2
1006 1115 2582 2
2199 363 1374 2
730 3113 3371 2
638 210 2936 2
2531 3720 3054 2
2602 2639 1032 2
3400 3042 1475 2
3677 3604 3451 2
3281 2386 1084 2
3598 639 3290 2
1464 1175 2829 2
2291 3422 617 2
1296 726 1066 2
2034 2414 1404 2
213 3666 3652 2
1668 2317 997 2
2735 465 2756 2
3444 3306 3009 2
2167 716 119 2
3354 282 3591 2
3078 3533 3607 2
472 3485 2314 2
3018 364 2896 2
2494 954 2880 2
2214 14 2738 2
2569 1092 2685 2
2471 77 1630 2
1216 1271 1462 2
1994 1225 3659 2
2927 2882 1492 2
3526 2991 3134 2
625 2344 3596 2
2054 1235 1502 2
2478 1957 3075 2
3067 1259 1207 3
251 1755 896 2
2654 2151 1490 2
2962 3522 2880 2
2704 857 198 2
760 1257 2925 2
3569 3199 2744 2
119 710 745 2
1596 3495 430 2
131 276 1119 2
2469 2925 2529 2
1803 2678 634 2
3118 1951 2119 2
299 3124 3379 2
699 2926 1780 2
3414 1799 2638 2
2406 1081 3277 2
339 3734 2873 2
3682 144 1827 2
3661 2888 2098 2
2685 195 1321 2
1702 879 463 2
2981 2363 126 2
1144 1452 2479 2
1413 2872 3655 2
2526 2429 465 2
1181 1716 637 2
3673 494 893 2
94 1345 2733 2
2067 2280 1305 2
3523 682 1026 2
3744 3701 1903 2
1802 3422 588 2
1958 1302 3474 2
258 902 3160 2
3419 1581 3038 2
1088 2922 746 2
816 441 2966 2
3374 1089 107 2
2230 2415 10 2
1005 556 3578 2
783 938 2284 2
3632 1494 2491 2
2091 397 1090 2
1112 140 1988 2
2409 3709 1348 2
3479 1615 122 2
3551 3407 2264 2
2249 2822 2127 2
1979 3205 712 2
3318 1669 1463 2
495 1585 1879 2
834 1547 19 2
2814 577 3200 2
1307 3092 1554 2
2997 1140 1889 2
1502 2234 1292 2
2162 40 2271 2
2362 363 1787 2
1693 2030 2154 2
2434 3374 467 2
2572 665 51 2
641 11 3361 2
1242 2575 3175 2
2547 1730 587 2
2077 2634 2476 2
3654 2078 1437 2
1066 3725 1267 2
27 1256 2092 2
156 2094 2807 2
2028 1730 3229 2
189 2422 3518 2
43 2871 1872 2
1330 1105 71 2
1752 2661 2398 2
1127 590 1706 2
3244 690 1807 2
1046 1836 3231 2
2981 1698 2825 2
389 1874 426 2
408 409 3328 2
250 157 2652 2
2813 512 47 2
2237 1930 1023 2
168 284 1867 2
1607 3073 2531 2
3253 776 3391 2
2926 282 1239 2
1408 1921 3170 2
986 1864 385 2
2202 106 1984 2
1929 3262 3419 2
3101 1674 2761 2
576 414 131 2
1719 1973 244 2
3404 3647 493 2
467 674 1921 2
2144 12 3102 2
736 1824 2506 2
1995 420 3576 2
366 2579 348 2
1719 377 269 2
2373 717 1235 2
1947 830 3693 2
3564 3667 2032 2
198 2440 495 2
842 2144 413 2
2653 2200 946 2
1462 836 506 2
2480 1433 3235 2
2323 2236 155 2
2425 2861 1577 2
1196 2824 436 2
650 3336 928 2
471 824 1401 2
416 1271 3335 2
2274 1130 3253 2
2991 3504 2762 2
1898 1903 2671 2
3635 772 2220 2
3371 2581 3721 2
2992 1726 1849 2
301 2200 2777 2
920 1739 3177 2
411 2697 1561 2
604 2058 219 2
319 2739 158 2
1806 1910 339 2
2741 74 2798 2
3633 3289 1001 2
3197 1135 1084 2
2450 2905 1267 2
1769 817 2845 2
784 1930 2506 2
241 3736 1756 2
759 1972 2272 2
3299 2927 2792 2
573 2683 2123 2
307 2530 1132 2
1945 3563 3564 2
1569 3300 2489 2
1081 3454 1872 2
3444 1257 3259 2
3144 411 2629 2
1686 1412 2563 2
1926 3686 2022 2
1312 1447 3449 3
2806 1992 2826 2
941 2037 1995 2
2887 927 1975 2
2617 2801 337 2
1687 2678 2023 2
3258 1612 3388 2
3023 1662 405 2
2783 612 722 2
330 2975 51 2
3311 1713 741 2
2620 3680 2434 2
3611 3277 2789 2
477 605 543 2
2004 1324 1427 2
2266 2243 1998 2
2185 1069 3688 2
2839 1530 2988 2
3536 806 1366 2
3022 3244 1778 2
3728 336 2760 2
3018 2265 2490 2
1128 1691 1044 2
2364 3276 2534 2
1152 1801 2892 2
912 2652 1066 2
2091 3186 1220 2
1040 2157 2361 2
850 1216 1238 2
2578 927 2436 2
335 1558 1333 2
1192 2755 1959 2
2778 3673 3240 2
3649 2587 2121 2
3079 2658 1136 2
3443 2957 1146 2
1628 67 2357 2
750 3282 3511 2
343 1550 3519 2
2991 632 469 2
262 1710 2765 2
129 387 3400 2
3367 2747 2913 2
1046 130 3650 2
2529 1976 3666 2
2034 1566 902 2
1330 2768 3304 2
945 2537 3468 2
3102 459 1533 2
3674 1397 2135 2
1449 2260 1602 2
1065 2184 557 2
201 1731 1609 2
1041 1368 1250 2
3308 3246 3013 2
1872 1484 2126 2
3536 3425 3044 2
2179 772 349 2
2163 1909 3717 2
1893 1020 216 2
325 3432 2994 2
2908 522 3571 2
2453 2821 3099 2
1304 3750 1458 1
140 1898 1813 2
1031 3598 184 2
2343 3456 3641 2
2151 1820 1362 2
1390 775 3528 2
1067 725 540 2
1056 3300 687 2
281 1197 810 2
2609 1519 564 2
111 2897 3581 2
1397 1210 1973 2
2471 277 3166 2
2398 39 572 2
2643 2566 3213 2
3057 2459 3641 2
3536 1448 2908 2
129 2366 229 2
322 2778 3654 2
1235 2744 3601 2
2618 3196 1073 2
1666 3345 3621 2
2875 283 2837 2
768 516 2479 2
1250 4 18 2
3408 3739 1915 2
1766 2107 569 2
556 135 1813 2
30 1795 2462 2
488 2229 45 2
3423 3575 2954 2
1146 2345 943 2
1602 1235 3362 2
1403 1313 3259 2
1414 3296 1366 2
2058 1732 758 2
2015 147 180 2
3350 3073 1911 2
3486 3402 681 2
2852 1198 1712 2
3627 1452 354 2
3335 1709 911 2
133 1933 1852 2
16 927 2446 2
2712 2606 3044 2
3482 3394 2247 2
668 2167 2137 2
3582 2300 1819 2
2515 3505 37 2
3585 758 2853 2
3451 530 485 2
302 947 1911 2
560 3748 2536 2
2838 3679 3449 2
2333 114 2467 2
813 2724 3008 2
1477 677 333 2
3158 590 1346 2
1099 3455 923 2
203 2980 535 2
2720 2176 2241 2
3009 2383 1389 2
562 2794 1791 2
586 2582 510 2
3591 930 2754 2
1591 2801 1336 2
38 3147 2734 2
2595 1679 3522 2
375 1273 2157 2
3279 1480 71 2
3497 181 1032 2
477 1353 2549 2
2130 2068 1859 2
2143 939 2913 2
3628 188 2884 2
2238 117 2769 2
1181 1009 3045 2
2845 1385 2190 2
514 2830 2122 2
1912 1968 2447 2
835 3213 990 2
2016 3537 672 2
2557 3484 2954 2
1828 3726 1567 2
2814 1967 632 2
2637 2029 3090 2
322 722 342 2
1282 3730 2461 2
3647 136 1567 2
2564 3684 2984 3
596 2162 443 2
354 1191 2803 2
773 1926 2615 2
77 260 849 2
841 488 3698 2
3244 1664 3037 2
3679 1737 1920 2
448 1887 1368 2
1008 3600 2223 2
1219 3574 3125 2
761 3483 204 2
1038 2173 667 2
3397 1998 3348 2
2453 2457 1636 2
963 1586 1387 2
1652 2272 1807 2
275 1040 1989 2
2145 2136 2879 2
1169 225 1969 2
1560 1732 1668 2
555 83 3246 2
2006 2746 1695 2
2450 2502 1523 2
1730 1496 3236 2
2285 3124 1008 2
1356 3499 2839 2
1022 2075 881 2
299 1838 1876 2
1043 1441 1438 2
3236 2406 2056 2
501 2923 3215 2
691 1984 1087 2
2237 3141 1865 2
1307 2601 2027 2
238 2640 2583 2
2100 3455 671 2
2105 3095 3562 2
223 538 3720 2
302 3657 2463 2
307 982 2706 2
1437 2631 1745 2
2752 2396 2454 2
2194 1421 2857 2
1290 3578 1260 2
3490 1042 3338 2
2425 544 391 2
3674 2284 2873 2
953 1132 2110 2
2320 3050 2014 2
1569 2537 3232 2
1978 3308 3234 2
3566 2451 3497 2
909 3448 1335 2
3217 1298 1701 2
3619 1778 33 2
2154 2668 3212 2
812 1726 58 2
564 471 1498 2
1477 1066 2049 2
2340 2725 2226 2
386 1989 3392 2
1787 250 2700 2
3467 3646 2252 3
2522 3177 1844 2
1316 3685 3242 2
1377 3743 2371 2
3516 579 3359 2
2712 1430 478 2
1162 175 485 2
962 1690 2266 2
426 724 2788 2
3334 2995 2616 2
1242 188 3041 2
2041 1469 1680 2
2825 3721 1295 2
3539 3613 3589 2
1065 2239 2482 2
3224 1007 3041 2
3181 160 2 2
561 985 2599 2
894 446 2439 2
2743 779 3268 2
306 2286 2245 2
2527 1001 3595 2
2958 2500 530 2
2584 1066 1605 2
511 1597 1736 2
1967 864 2129 2
3427 203 1310 2
3430 3062 3679 2
1620 1482 2972 2
985 2598 3596 2
2911 3258 2756 2
1882 2557 1160 2
3657 1893 1709 2
3632 586 1109 2
1693 492 1392 2
1257 3176 1978 2
433 535 93 2
618 2447 2185 2
1287 3649 2292 2
2988 2039 346 2
1317 795 982 2
3485 920 725 2
2007 202 919 2
642 2450 2750 2
84 1331 3262 2
280 562 1457 2
2500 3059 2507 2
2238 1052 11 2
941 2236 3422 2
2030 2679 239 2
3697 3329 1916 2
1272 1551 2808 2
138 882 1645 2
737 141 694 2
2873 268 640 2
2919 758 2998 2
1161 3395 2700 2
3384 642 3179 2
786 1566 1330 2
2477 734 2102 3
1430 912 1779 2
2676 2194 2521 2
1058 3352 111 2
2110 764 3655 2
24 57 1602 2
1661 2655 2963 2
476 1322 1674 2
2632 3064 1433 2
2872 1831 329 2
3034 3339 1126 2
2441 2667 1707 2
3718 3197 10 2
1215 585 1451 2
2953 3358 3007 2
2189 519 1683 2
796 2786 2344 2
783 3703 3745 2
3018 1190 1773 2
2416 2464 3324 2
1027 2411 1912 2
1800 3289 1248 2
3578 857 150 2
1181 3149 3463 2
3619 457 1741 2
3417 1699 2448 2
3588 2744 2206 2
2861 2186 1494 2
2962 3003 3397 2
570 3521 161 2
1781 1009 1059 2
1102 3515 1605 2
282 1787 2824 2
1441 984 999 2
3702 322 2324 2
2238 1055 3552 2
3463 359 1860 2
1289 3736 2208 2
1023 739 23 2
532 55 1666 2
284 1974 677 2
1025 1350 104 2
1746 100 2358 2
2418 3340 101 2
1931 1446 2008 2
3619 2091 429 2
118 437 1475 2
433 1040 1348 2
360 531 168 2
157 927 2963 2
583 2084 618 2
1075 1486 1962 2
1595 3362 328 2
497 1618 3055 2
3670 537 3186 2
676 2783 2194 2
1522 2947 356 2
3367 2998 2228 2
3003 1377 2965 2
1797 2904 999 2
2352 2736 3322 2
2553 2092 1629 2
2393 784 1596 2
1016 2180 2060 2
2700 1178 540 2
3041 1094 2797 2
1664 1891 389 2
2204 713 1874 2
626 1081 142 2
2080 2191 3360 2
3416 2242 3244 2
2714 1598 1014 2
2250 1872 3652 2
923 1615 1151 2
3541 1991 2643 3
951 609 2370 2
1565 2747 3586 2
696 39 3081 2
2009 2891 1857 2
58 2245 1264 2
409 3198 2666 2
668 1277 1218 2
3298 2369 606 2
72 2179 3520 2
3196 1464 2755 2
2582 3686 1944 2
3364 575 2131 2
1927 2511 2754 2
1063 2493 2867 2
2161 954 2644 2
2412 803 1709 2
2210 3006 2830 2
203 2701 523 2
3719 894 66 2
232 1771 197 2
2764 1760 190 2
1851 2860 3007 2
3409 1201 1216 2
3511 518 3212 2
852 462 1354 2
1663 862 2282 2
1475 845 1328 2
1966 3215 2744 2
376 609 1602 2
2746 2177 3025 2
3426 2642 3129 2
1666 1164 2886 2
451 2433 1265 2
320 3594 1426 2
2961 469 927 2
458 2423 991 2
2333 1943 1503 2
63 576 2630 2
1039 3160 1995 2
445 681 1842 2
2204 3633 2283 2
1418 90 523 2
1921 2595 2690 2
2436 1579 1590 2
3743 714 1940 2
1328 957 622 2
1148 1885 3213 2
3637 3729 727 2
3575 2913 852 2
159 93 2065 2
1626 569 826 2
3441 1310 305 2
1675 2697 2501 2
2876 2538 1474 2
1942 1815 3477 2
2649 2037 1784 2
1385 3608 259 2
530 2825 1482 2
2862 1286 442 2
21 3010 2636 2
2706 3426 3274 2
1747 2532 755 2
2365 2133 851 2
2025 406 2520 2
3534 3440 3344 2
457 3159 2132 2
1036 553 595 2
3297 2344 788 2
2108 105 244 2
2318 2995 2748 2
1204 3061 2088 2
2293 2947 1127 2
3330 3243 371 2
2614 3121 2931 2
3375 2319 1350 2
2796 1277 2498 2
3481 2285 1700 2
528 1272 385 2
1802 3132 3038 2
3609 977 1360 2
658 1550 2304 2
3717 1944 1824 2
358 3244 1884 2
3548 2732 432 2
3168 3193 983 2
698 3251 818 2
2258 762 37 2
2773 888 3137 2
2990 1597 1353 2
206 1464 1209 2
3669 2468 1658 2
98 1473 2781 2
3712 2316 2266 2
421 893 1613 2
1522 2288 3452 2
279 3719 2408 2
521 932 3023 2
530 3508 809 2
892 1731 824 2
1337 1902 215 2
815 2453 2521 2
1692 3490 1619 2
3099 3430 2746 2
276 2300 3708 2
3068 3245 1242 2
1601 675 2508 2
1894 1495 919 2
2 3640 452 2
857 2176 3408 2
1440 3144 2610 2
2143 373 3399 2
3000 2919 1008 2
1868 2950 1132 2
130 3457 1661 2
3032 2476 862 2
3535 1827 2826 2
3596 3366 450 2
3225 1533 2923 2
3750 2610 2976 1
3368 2329 1767 2
380 811 3649 2
2625 771 173 2
1593 1707 3014 2
1411 46 2564 2
248 2516 1435 2
2441 1079 1252 2
1179 913 2170 2
395 1523 3055 2
3652 1673 555 2
2341 1913 1467 2
2833 223 3175 2
3116 3350 2685 2
1636 695 3711 2
823 2510 3605 2
2707 2732 2296 2
2031 1076 944 2
1082 3205 1620 2
2501 1429 300 2
1418 1322 1245 2
693 3351 2957 2
3519 2823 1657 2
2777 108 3180 2
369 3336 2412 2
3169 2242 2143 2
1694 2692 246 2
2958 2294 3470 2
1005 1028 3484 2
2689 1193 3440 2
3730 1287 2300 2
1611 2377 2538 2
159 3678 1305 2
2332 817 1050 2
3056 3043 936 2
669 2543 219 2
3534 1895 3510 2
2549 3160 676 2
1228 1032 2397 2
2918 854 2247 2
2992 2677 760 2
798 106 274 2
1944 1977 307 2
245 1535 2537 2
1322 325 2207 2
773 1835 3212 2
3058 2293 336 2
3545 674 1973 2
3191 321 841 2
2141 1975 1739 2
69 3636 2959 2
3603 2163 1559 2
3559 212 3305 2
448 1623 3557 2
3067 1105 2358 2
692 469 3002 2
952 1907 3317 2
2526 2518 1912 2
2478 736 1492 2
207 1996 1170 2
1053 2863 1294 2
1595 2584 985 2
2408 3612 2051 2
1312 2602 690 2
1788 3343 1612 2
2755 3511 2681 2
1919 151 1235 2
1776 1556 22 2
3699 3300 3424 2
1267 3350 2359 2
2158 2793 128 2
3213 2798 1011 2
737 1714 1545 2
2789 2638 739 2
3449 3363 562 2
1291 2020 238 2
628 2136 2909 2
2561 508 2226 2
2248 2553 3555 2
3271 3107 2222 2
728 1336 2190 2
3748 3326 579 2
2679 3029 1008 3
3098 256 1154 2
2115 784 203 2
2804 2664 708 2
2171 3168 975 2
995 524 1870 2
285 1128 2423 2
1929 3455 890 2
986 3672 3642 2
98 1243 1256 2
1404 1472 2173 2
3350 1234 1359 2
2552 1806 733 2
2270 2748 1573 2
2851 2502 2561 2
1111 1795 3653 2
413 399 2333 2
266 3191 556 2
2767 2458 2118 2
2435 1461 1638 2
3700 566 2453 2
2921 404 2517 2
2691 592 3390 2
2308 2303 53 2
2922 2826 1188 2
1414 2751 1319 2
1695 2857 2052 2
2599 1604 1413 2
2973 1481 240 2
3080 1673 89 2
1317 2831 2462 2
3622 1401 1122 2
2202 3203 1803 2
1888 89 548 2
2361 3537 2396 2
2390 669 2116 2
1941 2071 316 2
2257 3286 332 2
3298 3631 959 2
745 2989 3650 2
3125 1308 423 2
1021 314 78 3
3109 1524 1797 2
1859 2273 2531 2
2734 268 1751 2
1745 3728 3368 2
1296 3162 2733 2
683 2320 1387 2
1297 40 2358 2
1767 3489 1033 2
2507 3649 3399 2
2765 1080 3171 2
742 1282 2945 2
1219 3276 552 2
3442 2692 2522 2
3406 1117 1778 2
3100 3167 398 2
2063 1822 1791 2
3728 178 3292 2
604 1305 2899 2
906 1386 1468 2
2576 1461 2499 2
3295 2259 1768 2
578 2517 2504 2
117 2593 1811 2
1631 140 806 2
1917 2116 3295 2
1106 1649 3730 2
434 2558 3492 2
2585 3147 503 2
2663 1872 2131 2
2774 3438 2436 2
999 2361 1440 2
238 3592 2997 2
1986 3380 1901 2
1922 2525 255 2
176 863 342 2
1288 2223 3154 2
1786 2998 952 2
1167 2044 2741 2
2424 940 3020 2
636 2333 3499 2
3384 3345 2027 2
376 919 3260 2
658 3513 2937 2
98 958 2961 2
1960 1540 2359 2
3230 1770 910 2
