100 100 418
26 1
15 2
45 10
5 6
3 1
12 6
18 1
15 5
37 7
36 3
18 8
40 1
2 7
37 2
15 10
9 1
50 3
34 6
34 1
1 6
21 3
3 1
3 9
15 1
25 2
33 3
29 2
33 3
29 1
6 5
20 4
35 2
38 1
17 2
11 8
9 1
32 2
21 6
32 7
27 7
39 9
1 9
31 5
1 1
5 6
5 5
19 10
46 9
12 2
30 2
31 10
4 2
3 7
48 5
15 6
43 3
34 3
24 4
27 4
24 1
32 9
7 2
20 4
10 3
16 1
4 8
31 9
12 5
37 1
19 2
36 1
4 9
5 9
35 1
3 10
14 4
38 10
37 9
24 7
41 1
37 6
38 9
7 1
4 3
11 4
44 6
37 10
15 3
28 9
24 2
10 9
17 8
8 4
8 3
50 1
25 8
48 5
9 4
15 4
49 6
22 32 50 86
31 3 58 65
48 18 3 50
64 22 33 35
84 90 28 49
81 7 78 75
32 39 30 83
28 48 96 87
7 87 23 44
15 42 85 82
78 57 97 55
14 95 61 56
62 9 25 87
37 38 93 73
15 83 1 33
32 47 23 97
2 84 29 61
98 41 17 49
74 18 75 61
66 63 97 49
41 27 3 37
11 72 53 112
74 51 59 30
74 18 45 41
66 38 79 125
55 46 52 63
70 15 91 74
29 18 55 81
66 59 28 82
61 80 41 53
35 78 62 52
93 26 63 56
86 17 60 124
100 86 98 62
85 83 78 71
78 75 84 47
71 46 6 40
18 95 91 74
5 55 77 90
35 97 76 54
36 51 53 82
93 75 94 71
87 98 13 65
87 25 60 79
94 80 31 120
42 61 13 73
43 95 5 36
23 99 12 64
58 60 36 90
46 16 47 113
90 26 13 91
15 97 52 20
7 12 92 24
63 55 16 101
42 19 33 47
31 40 34 102
19 40 55 81
82 66 13 73
84 96 68 115
80 68 25 105
27 54 81 84
31 34 62 79
93 80 85 106
8 79 30 96
57 75 19 37
69 9 90 63
97 45 5 25
20 89 43 45
14 28 64 72
15 17 92 61
48 86 87 63
78 20 66 91
97 15 93 25
36 4 17 82
27 56 2 135
15 50 28 82
18 67 38 76
100 88 47 72
70 19 76 73
24 14 11 96
62 70 88 82
53 40 80 149
68 25 72 90
88 1 77 96
39 91 82 50
79 70 19 76
23 100 72 19
4 89 37 46
74 78 60 57
98 37 60 66
36 13 45 89
13 75 79 111
10 50 69 66
43 80 91 66
80 6 5 80
79 70 42 129
73 12 43 45
40 57 41 77
65 16 7 82
44 19 13 42
