1000 1000 45421
23 72
48 86
3 75
16 58
5 68
42 14
47 90
2 45
10 62
29 48
47 34
42 78
26 73
45 49
3 61
18 77
32 68
13 36
42 30
45 98
47 87
13 46
28 65
42 89
28 70
37 24
3 80
1 81
2 97
31 56
7 100
33 88
17 47
23 60
26 67
7 24
5 72
21 32
36 62
21 13
34 9
38 86
40 40
16 44
36 46
49 92
48 83
29 64
29 53
24 4
21 32
30 28
3 100
11 90
14 83
4 97
43 41
32 83
30 100
26 15
47 76
8 94
9 88
8 39
40 33
45 63
14 74
40 19
25 52
8 38
35 62
34 77
4 16
9 34
17 36
50 63
12 58
7 22
45 66
10 37
48 54
1 13
29 40
31 4
41 39
41 77
50 75
4 5
42 64
38 8
50 90
20 63
49 78
36 95
43 95
33 92
1 33
5 31
24 35
34 67
25 27
43 76
3 48
31 94
14 70
3 15
9 22
27 9
2 12
6 46
8 38
38 10
23 42
41 98
28 26
14 53
2 59
28 4
8 8
49 21
28 1
35 88
25 63
49 26
24 4
21 84
43 60
43 15
3 85
13 81
11 28
35 14
38 12
20 96
22 18
18 1
19 3
38 93
15 88
20 91
41 92
26 36
2 70
50 4
5 14
36 17
44 72
30 31
34 51
28 7
19 46
7 87
50 46
31 64
34 100
6 76
43 31
11 94
1 13
50 7
28 85
23 71
9 4
4 92
5 83
50 75
30 8
11 79
3 43
45 38
44 100
16 36
33 76
32 83
40 31
41 18
17 63
40 75
18 45
18 24
28 67
48 7
24 10
38 79
2 32
18 97
33 33
35 65
11 66
49 100
46 39
19 14
3 9
39 71
3 58
44 32
25 44
41 50
3 28
30 57
11 100
3 93
32 37
10 44
4 8
44 49
49 64
15 51
22 3
23 77
10 19
8 36
12 98
38 14
27 69
20 87
18 75
32 52
13 41
45 17
50 90
15 98
4 79
1 77
33 73
3 45
41 13
32 4
10 21
18 39
40 39
25 9
13 8
10 76
48 7
42 100
46 8
49 1
39 49
28 23
22 82
17 64
44 51
18 56
21 37
44 60
25 70
21 40
28 32
15 77
38 58
26 86
17 25
38 55
25 67
28 98
49 96
12 94
46 81
49 69
17 94
30 91
14 100
32 41
32 96
19 69
5 45
6 22
21 44
26 97
10 5
45 58
3 56
4 98
38 52
18 4
46 98
46 9
47 28
1 80
25 69
1 80
15 6
1 37
49 76
34 11
33 28
20 85
35 23
34 22
25 52
25 72
1 22
32 97
49 32
27 24
2 77
5 69
34 55
5 83
32 90
45 14
19 64
50 3
37 36
26 13
37 52
34 87
24 15
35 74
48 63
49 1
41 3
19 25
9 26
9 91
17 3
6 36
16 6
40 4
43 66
16 79
19 99
17 42
15 3
18 62
16 16
13 8
21 83
34 79
8 42
21 75
46 77
12 14
34 51
17 26
18 33
6 37
31 72
30 96
26 97
9 43
15 23
1 87
6 34
15 65
28 86
41 23
14 52
36 47
5 5
24 74
37 79
10 19
2 40
16 27
38 27
20 4
49 20
40 54
5 7
21 32
42 61
5 57
15 42
5 19
46 78
42 34
6 54
3 57
45 70
33 32
46 4
38 45
25 77
50 80
33 20
11 26
31 17
32 45
11 36
15 8
13 58
42 20
11 94
26 55
15 11
39 11
16 26
5 41
2 4
22 37
26 34
12 56
1 96
2 13
33 18
20 48
25 61
17 38
6 95
44 21
7 82
31 22
9 37
14 13
40 85
49 67
19 62
24 21
9 77
33 92
44 4
41 21
15 57
10 22
3 53
42 59
37 24
31 45
10 46
7 52
31 57
18 1
21 92
21 79
18 5
20 14
8 60
36 24
19 95
46 71
49 87
32 85
11 14
32 22
9 90
23 89
47 43
39 17
34 61
45 53
15 17
18 25
28 3
48 48
47 93
21 48
32 52
32 94
15 13
15 75
3 40
14 1
32 4
19 15
17 15
19 33
33 37
7 11
41 57
8 40
1 28
37 32
31 18
27 95
33 92
20 37
31 85
39 64
40 57
30 8
21 48
41 6
36 49
16 27
5 25
16 6
5 52
39 35
21 66
32 3
9 3
41 91
39 79
4 78
37 83
36 10
30 78
15 18
28 30
44 83
6 9
40 10
12 80
47 84
45 30
39 5
32 29
45 70
10 48
49 46
30 36
5 12
13 69
29 91
50 72
25 56
32 16
17 95
45 65
28 92
44 16
48 25
47 43
44 56
40 45
1 72
30 8
33 93
26 11
35 78
34 11
35 17
26 53
13 72
18 92
15 11
10 63
38 56
7 33
11 46
27 63
17 57
20 51
1 98
13 87
27 98
47 11
16 74
13 28
47 32
22 64
45 31
26 82
36 34
14 48
29 43
12 48
49 84
50 51
33 63
37 59
10 33
21 26
8 83
5 54
15 76
17 9
6 94
42 43
27 7
40 58
49 52
7 99
37 6
1 19
18 37
27 80
21 97
5 78
31 61
34 97
37 100
7 94
46 98
39 72
7 78
29 5
31 85
6 67
41 56
37 10
45 13
39 65
11 45
45 92
6 78
38 94
27 45
39 22
44 27
46 50
7 26
7 89
13 14
8 5
19 44
14 65
7 55
32 17
49 76
10 4
3 48
49 81
44 88
5 37
16 52
39 22
27 45
11 91
10 70
45 30
13 61
45 21
15 76
38 13
1 49
19 55
46 17
37 91
6 41
30 22
44 18
45 21
14 57
11 23
26 58
2 39
18 46
9 32
23 48
46 23
47 64
29 44
33 16
35 40
8 14
11 52
33 8
24 96
14 86
18 42
43 21
32 12
19 90
43 91
40 91
16 38
4 94
33 38
11 19
28 69
34 90
22 66
47 47
13 13
32 82
4 27
3 85
38 21
26 33
11 67
23 76
6 76
22 89
16 82
7 43
2 43
32 25
8 81
21 73
43 3
4 98
31 56
32 18
28 59
50 91
28 24
16 33
2 39
21 17
21 80
9 74
24 42
49 81
22 69
5 14
23 59
13 3
16 96
23 94
5 74
34 32
48 1
14 49
40 37
15 12
18 75
35 41
16 35
23 38
6 78
3 78
36 66
33 53
13 57
46 67
30 81
50 79
34 66
29 73
4 95
36 21
19 72
11 37
7 85
26 14
12 28
41 49
45 75
2 58
33 99
26 13
32 26
43 65
43 22
39 96
16 76
16 37
47 28
23 5
12 98
18 26
27 61
26 74
35 27
33 70
28 58
32 9
35 76
25 77
47 13
24 65
38 91
3 86
18 77
41 82
24 60
9 2
20 84
25 7
13 57
26 40
17 9
50 1
34 24
30 33
38 5
49 27
46 1
12 13
27 54
46 2
16 4
5 37
38 82
43 50
40 70
41 56
30 40
9 14
15 90
48 2
44 98
28 89
50 91
4 78
47 99
31 62
5 85
48 94
16 93
43 56
14 35
13 44
24 71
9 88
12 6
41 6
5 68
44 4
10 99
33 58
48 63
21 4
47 69
47 65
13 91
20 26
25 34
19 50
5 77
39 16
34 29
23 40
48 19
45 57
17 27
17 66
39 37
19 88
7 17
2 69
7 23
47 83
6 67
34 12
46 72
28 81
2 52
21 99
20 15
8 87
42 74
4 82
10 25
19 67
41 72
37 100
44 33
32 2
2 18
13 47
39 92
27 41
44 99
41 65
16 98
3 59
23 7
40 85
31 61
1 23
32 89
22 78
24 56
31 25
23 43
23 13
37 1
5 82
50 96
46 17
43 49
25 68
7 14
2 89
24 54
11 58
42 85
37 15
42 17
41 64
11 13
28 97
16 33
30 17
28 76
33 72
26 7
39 34
20 42
22 46
45 84
5 37
20 41
3 11
9 94
26 19
8 54
18 75
36 97
41 65
24 23
36 51
29 27
34 1
18 57
48 15
41 52
1 60
44 5
21 52
50 48
22 60
1 41
34 38
38 25
2 13
49 90
14 28
18 47
30 87
4 77
1 96
30 3
5 23
8 77
26 9
25 47
18 77
38 2
15 77
28 68
39 76
9 52
3 28
1 34
15 54
10 67
49 89
20 55
11 29
34 36
37 60
35 57
36 74
8 2
50 35
20 90
10 30
42 65
8 44
48 72
47 8
40 97
48 11
3 11
39 86
48 28
45 32
34 33
7 93
34 6
29 55
46 88
35 89
4 94
32 2
17 80
11 6
28 8
17 82
20 7
18 68
36 64
1 21
46 8
13 82
15 91
36 12
31 72
50 34
15 83
35 33
14 47
39 93
7 7
25 76
13 94
43 51
9 46
21 57
3 84
38 17
26 25
29 56
49 80
42 65
15 28
48 80
25 88
23 81
44 99
6 58
44 51
8 52
46 79
8 100
14 45
16 91
22 96
49 70
28 40
36 94
17 83
23 93
20 97
23 63
830 348 195 100
603 621 769 49
563 350 785 65
182 138 845 73
800 303 104 87
917 164 705 40
795 96 207 36
523 535 333 57
285 544 561 104
931 872 807 73
842 625 493 102
381 22 351 65
425 798 950 61
126 600 861 110
799 231 7 45
228 767 297 56
19 880 723 94
180 102 798 43
13 495 260 130
588 808 337 73
932 481 188 83
920 391 650 78
403 375 439 118
356 780 306 79
986 520 619 114
306 559 751 81
423 91 238 75
729 952 958 108
551 407 231 105
573 779 928 91
318 409 744 76
871 217 977 99
905 181 343 49
711 306 616 102
489 991 706 52
384 9 356 76
191 718 614 91
388 24 159 113
561 80 708 126
631 405 714 54
26 625 235 57
326 898 550 102
965 829 948 74
488 500 840 75
512 931 650 104
341 375 329 112
506 526 851 88
151 280 488 74
760 86 910 119
668 619 209 70
428 352 147 73
226 306 428 103
603 706 301 60
871 180 139 85
360 3 638 38
786 241 19 84
149 677 392 102
652 729 264 91
221 476 175 60
399 725 370 103
125 772 299 40
197 1000 557 67
560 424 725 104
30 841 773 114
839 666 231 43
730 260 977 112
797 909 231 117
353 592 40 89
390 246 138 50
525 732 965 59
790 676 249 57
739 559 988 101
780 257 406 68
296 417 692 58
341 49 905 40
134 911 732 62
356 141 22 111
975 258 999 105
243 51 801 65
339 499 131 133
787 550 998 94
222 336 431 81
163 24 425 63
319 672 330 90
735 68 718 75
994 192 560 88
347 16 620 133
516 631 93 97
179 277 270 72
393 496 735 100
472 321 438 101
842 555 344 44
979 27 597 74
566 956 190 81
792 994 393 49
365 445 131 105
755 440 39 103
755 591 77 122
801 191 921 104
137 370 62 90
213 556 165 112
358 848 777 74
418 245 235 121
501 602 680 73
142 505 127 89
105 935 768 89
735 270 841 91
616 287 451 88
235 409 545 100
778 707 281 92
381 66 105 31
719 361 557 92
736 527 428 56
981 828 594 115
646 766 898 143
861 122 116 77
728 95 51 77
115 761 814 32
35 132 805 81
641 563 738 110
689 806 159 109
494 875 753 51
348 394 808 31
245 386 400 78
786 479 784 92
593 870 359 72
45 188 622 89
176 776 773 138
790 76 266 21
682 659 341 39
258 924 110 86
241 470 775 83
262 400 749 34
897 408 79 75
634 691 234 121
409 745 295 64
993 636 203 113
311 681 641 101
418 647 71 134
153 136 227 99
94 539 102 61
964 857 138 31
597 815 612 109
796 677 153 154
766 451 643 94
764 98 324 66
899 656 829 51
584 505 266 72
292 350 367 57
695 150 804 80
617 826 638 26
787 729 230 78
317 140 689 59
552 877 425 73
601 436 282 88
278 687 379 82
137 421 54 57
968 937 153 84
563 970 434 88
293 391 692 70
981 460 758 152
875 952 456 60
651 486 746 64
164 146 474 102
236 745 487 83
530 982 494 43
210 203 590 70
755 347 998 134
413 938 211 62
686 614 8 92
852 615 736 121
177 812 386 74
142 16 278 80
207 39 854 77
577 630 765 20
789 578 383 110
568 3 580 58
998 380 621 36
841 704 461 82
67 964 962 103
817 327 589 89
764 506 425 85
460 572 456 111
198 679 191 45
265 913 42 89
257 337 960 39
41 366 643 125
769 800 272 67
454 657 477 79
226 969 991 99
835 541 937 120
162 919 779 66
405 471 457 62
117 202 302 94
770 912 829 126
2 608 358 110
938 941 512 90
691 85 523 118
710 758 837 111
862 274 593 85
500 241 685 74
919 962 583 90
677 10 691 145
480 862 703 64
962 413 208 92
970 751 262 51
56 713 919 113
980 5 773 126
803 683 90 117
566 853 925 82
629 30 470 63
529 840 20 129
8 571 87 44
475 793 682 69
317 20 720 117
152 334 854 152
979 178 356 117
636 582 438 143
931 470 311 118
372 797 934 170
143 912 814 114
175 824 854 124
432 281 65 114
602 661 685 102
13 571 678 125
875 142 553 19
314 348 612 81
476 925 813 43
988 226 800 110
991 456 625 45
114 65 179 90
672 300 932 115
550 797 148 158
227 515 274 112
460 335 41 94
69 932 776 99
863 597 772 73
608 115 112 74
83 223 825 35
876 223 987 34
815 980 620 97
510 658 986 112
791 175 686 128
582 278 388 99
414 156 24 84
531 113 909 93
469 559 769 84
989 740 784 68
976 893 818 112
413 447 989 69
999 684 824 87
279 487 540 60
237 593 150 90
533 625 210 49
458 348 826 68
1 904 104 64
237 321 532 111
728 462 22 44
299 259 443 86
332 46 568 119
531 757 131 91
902 184 242 63
277 216 756 96
894 507 345 89
704 686 20 103
745 746 1 67
436 793 832 52
425 670 205 88
107 81 356 64
690 540 861 64
830 908 518 81
352 296 115 52
478 325 438 69
689 751 23 96
206 612 944 154
443 566 174 70
425 664 723 63
506 740 624 128
220 591 708 122
549 512 701 139
457 127 14 63
234 403 570 82
633 60 301 136
637 980 810 74
172 5 349 134
427 769 299 79
299 322 611 40
601 576 46 163
566 478 263 45
350 859 900 63
478 289 192 50
98 687 839 31
713 159 411 117
868 635 682 81
415 104 219 67
116 743 438 88
743 323 149 67
348 991 650 75
106 537 834 90
15 787 82 54
600 834 931 80
746 593 920 41
956 775 761 91
871 630 807 91
678 115 913 55
272 350 979 60
774 776 760 138
772 305 622 70
50 717 667 53
487 497 924 107
232 238 506 123
855 925 610 88
928 300 891 49
88 284 676 117
840 234 241 105
961 70 409 93
390 134 534 43
192 457 16 53
566 174 678 67
24 162 682 69
139 387 866 73
475 920 535 31
14 652 895 52
411 669 574 71
949 898 919 83
908 811 232 48
180 324 202 90
195 139 672 105
967 940 823 114
733 170 160 108
731 569 201 45
992 839 708 66
158 324 443 40
341 812 453 36
247 167 848 54
41 271 821 102
119 24 34 101
136 994 13 111
802 496 162 57
910 335 929 111
834 734 575 110
255 290 549 100
27 46 741 72
278 901 14 77
726 529 249 94
679 998 15 64
88 241 214 84
270 207 369 27
860 469 646 122
812 727 180 72
471 786 832 67
22 405 247 62
360 606 829 45
61 193 912 83
740 232 142 49
221 124 533 67
83 600 801 81
214 60 711 124
457 923 757 72
802 999 709 76
300 260 186 81
236 1000 400 51
737 830 970 108
514 567 51 93
687 99 993 105
350 812 319 51
914 991 280 67
532 727 581 128
773 465 346 124
796 414 923 72
559 33 93 78
976 885 502 111
941 380 975 92
116 180 425 50
796 661 673 92
377 837 673 54
220 15 299 88
764 792 393 36
406 623 402 90
915 633 643 155
903 828 442 103
997 701 162 54
24 827 11 87
840 745 868 64
524 382 859 49
389 962 987 52
36 768 158 55
920 699 63 52
471 792 612 102
176 526 209 56
368 58 147 64
705 278 12 104
500 946 637 63
513 732 864 85
530 51 460 93
369 584 200 63
384 899 154 56
214 17 688 75
855 627 28 52
740 30 369 53
960 927 55 54
271 577 990 64
508 540 137 81
755 136 221 101
360 319 868 72
131 223 853 99
575 476 78 94
217 859 905 52
103 909 411 108
367 927 447 97
494 22 739 86
486 108 709 87
909 94 171 83
149 177 730 138
427 428 602 45
240 335 945 81
566 531 126 66
831 800 967 94
173 428 717 64
730 931 925 92
10 522 554 100
416 95 842 65
344 322 935 71
89 593 966 57
908 16 547 67
190 521 945 133
960 85 144 60
316 703 686 41
404 937 114 102
448 503 638 46
184 886 449 62
774 83 535 74
367 202 409 96
829 836 231 127
772 621 313 48
795 504 198 36
167 837 681 72
386 811 806 81
51 952 576 116
750 568 149 90
238 625 924 104
97 561 698 60
410 740 716 61
447 524 343 46
691 795 370 87
402 382 772 34
421 953 897 69
526 688 31 72
122 653 121 92
220 660 463 123
461 591 492 69
111 965 79 100
302 741 275 74
432 185 341 91
862 802 125 66
672 191 858 103
421 392 755 100
271 232 320 122
350 571 147 64
122 29 81 68
377 38 191 64
1000 73 451 28
898 699 774 140
395 963 448 82
413 306 955 115
946 520 25 107
196 28 779 69
195 97 89 104
163 716 456 27
276 697 83 111
794 204 94 93
378 837 783 113
521 144 254 63
499 466 852 126
127 920 42 91
610 322 813 38
992 306 172 90
541 321 952 110
576 693 15 90
786 958 949 100
278 160 896 74
84 875 766 101
739 665 27 66
356 865 348 79
475 822 155 50
880 908 345 37
983 91 636 76
210 900 562 97
953 409 71 73
191 960 721 42
831 345 373 83
132 307 175 111
755 325 712 71
715 803 488 79
949 683 241 69
559 367 100 72
68 6 976 96
327 489 798 40
887 985 377 61
597 117 877 60
903 457 256 117
389 628 629 24
816 327 855 52
878 911 380 45
697 130 173 56
512 625 855 100
649 457 602 39
817 11 87 79
939 349 575 119
760 6 413 132
234 238 799 128
517 108 876 27
861 195 26 82
566 567 117 45
832 375 662 62
851 765 458 51
37 641 211 51
505 693 140 102
254 56 417 108
162 48 344 52
901 333 314 41
741 34 750 70
958 519 355 93
601 480 549 117
155 876 405 48
360 995 6 86
54 308 482 45
546 94 703 72
572 775 400 81
801 863 791 125
243 929 822 86
312 116 805 64
63 401 60 118
45 742 829 160
505 489 31 75
161 591 673 85
125 544 780 51
944 896 214 74
806 759 994 123
249 817 255 75
212 175 841 112
154 900 941 154
102 747 967 81
811 561 961 81
958 181 738 147
844 133 628 64
13 725 687 91
337 990 529 56
861 15 77 61
55 242 699 100
765 752 375 66
96 398 580 31
486 361 618 92
857 195 871 83
758 324 52 67
594 100 578 60
861 529 875 79
60 880 924 106
67 972 996 79
333 298 547 73
762 173 579 108
110 969 150 51
238 39 263 111
740 317 89 77
486 355 649 68
66 776 888 99
281 310 922 82
29 611 185 70
957 304 397 69
552 846 273 78
943 424 316 53
523 622 505 92
690 352 512 95
625 29 55 47
290 856 640 54
929 533 78 110
133 763 674 116
470 29 184 72
593 50 157 37
431 70 261 134
704 326 7 64
128 181 134 88
285 941 7 80
358 617 947 102
966 408 866 58
428 839 850 46
955 946 296 79
143 547 148 136
766 476 716 49
180 937 712 96
39 678 510 113
908 954 307 61
718 648 464 70
833 438 238 97
56 402 396 81
970 910 284 85
822 259 416 71
816 542 838 43
805 976 228 70
37 285 141 97
960 926 941 114
458 239 517 61
100 240 407 115
420 944 748 81
412 363 201 62
588 654 584 97
689 355 152 94
686 42 863 101
779 598 643 86
238 142 783 82
612 589 522 127
384 989 977 57
644 267 444 79
731 346 405 63
710 300 205 133
46 629 711 114
815 525 427 79
512 198 289 97
160 816 624 94
685 502 241 94
148 737 744 103
948 699 317 44
573 165 85 126
817 876 399 85
635 339 28 63
366 750 603 82
982 461 1000 32
849 848 34 71
167 280 186 82
766 845 754 75
200 265 35 36
184 652 950 45
554 594 9 55
424 919 579 80
731 384 782 49
588 440 734 97
55 807 590 86
418 575 505 110
370 626 795 92
110 81 253 45
213 508 208 90
395 813 643 45
853 760 493 159
258 298 727 143
352 750 691 96
961 374 321 75
279 755 861 86
202 421 850 74
229 424 933 45
167 18 138 66
255 208 782 64
257 447 535 40
681 860 123 110
391 802 509 43
238 642 291 81
543 66 560 122
868 724 688 81
744 850 861 135
916 7 836 54
868 440 840 83
333 974 162 23
193 194 210 62
951 756 190 110
186 737 718 76
528 190 415 64
656 618 543 92
189 961 96 84
590 779 466 101
326 645 957 35
236 581 402 113
545 355 984 94
74 686 432 86
62 59 988 80
225 612 396 80
517 215 631 52
51 354 198 41
992 724 142 67
362 12 877 70
143 419 652 130
723 26 123 76
930 20 632 111
894 645 612 137
909 253 458 116
235 204 469 102
200 724 828 82
325 858 739 72
434 682 847 62
77 262 125 50
200 372 923 66
196 775 565 108
897 65 57 109
507 356 695 75
85 22 43 102
975 254 369 79
837 543 965 119
510 497 518 112
543 347 202 116
157 982 881 64
209 471 354 66
762 829 70 97
595 638 484 75
275 855 928 50
832 842 335 49
897 127 521 110
475 474 72 54
446 820 36 53
154 892 821 118
242 621 90 121
600 123 438 126
399 763 258 130
63 407 714 74
536 447 124 56
747 370 907 90
890 161 451 77
563 329 578 110
554 442 939 90
845 607 208 72
202 170 54 89
197 770 682 111
726 171 290 82
842 208 693 104
888 579 308 72
84 17 487 89
438 590 402 91
649 447 201 27
184 736 821 56
393 627 504 61
227 661 234 104
486 203 153 93
282 710 915 105
388 360 211 34
889 104 835 87
643 139 376 115
755 792 931 84
474 336 691 75
712 972 839 15
118 306 321 60
959 505 862 82
646 551 324 90
500 935 731 96
707 8 725 118
969 232 922 56
590 712 5 83
705 783 487 135
411 339 795 82
105 604 537 77
753 694 197 113
583 371 405 90
509 477 193 71
921 898 341 94
177 748 287 82
134 883 58 112
495 532 882 108
151 730 179 71
895 141 129 73
793 271 169 148
232 967 196 92
417 731 667 86
854 212 723 97
932 103 920 81
207 969 315 58
331 707 726 133
704 305 828 124
806 894 561 123
283 360 888 28
424 199 825 54
718 451 603 36
117 993 430 94
111 301 448 138
963 617 376 82
628 864 748 44
775 926 328 101
272 394 443 21
414 94 973 94
538 516 109 112
908 472 519 61
234 14 657 100
569 646 202 94
295 121 40 94
871 414 689 65
286 84 505 101
58 530 56 96
722 66 520 88
497 815 222 108
476 166 975 72
827 169 79 72
97 721 227 46
139 661 376 77
278 726 132 126
669 740 343 66
143 587 536 82
550 189 160 125
221 21 806 74
112 268 368 49
666 314 307 57
231 368 310 77
271 467 416 66
686 531 503 36
318 665 90 86
936 424 811 79
481 574 730 103
5 95 649 77
386 294 851 67
878 632 800 96
351 883 290 108
486 853 447 102
209 175 626 73
68 640 105 62
900 477 65 108
147 125 366 95
95 806 475 116
788 722 607 60
688 130 859 53
274 241 943 61
833 502 783 84
387 574 384 68
272 257 852 78
296 16 536 45
457 550 21 99
361 249 104 60
137 97 154 92
413 641 126 117
776 519 155 106
817 573 288 104
894 380 902 77
829 431 554 102
180 115 189 110
471 226 630 96
18 549 314 121
299 358 405 81
813 226 294 111
954 298 466 85
710 721 969 60
587 645 467 53
566 539 544 42
27 186 302 52
295 424 344 53
952 317 679 60
189 275 872 104
548 905 462 16
6 870 964 105
306 725 743 125
106 597 757 69
65 178 700 77
935 406 130 96
273 341 188 23
590 212 137 106
932 438 253 152
466 412 740 135
922 356 240 96
467 198 444 50
376 281 626 53
907 181 801 86
836 825 584 85
192 862 359 102
962 622 193 99
742 19 888 133
263 362 151 80
734 911 13 89
711 875 870 72
831 259 959 92
617 856 731 30
436 424 371 62
907 931 622 53
721 864 570 20
423 965 816 57
982 653 17 71
108 870 51 69
977 611 278 84
523 377 154 79
411 388 721 50
175 831 934 119
560 197 400 87
170 289 162 85
723 431 697 104
448 944 466 97
90 183 9 115
161 90 332 117
543 892 991 103
5 899 387 100
229 221 661 57
288 604 232 95
796 299 872 71
591 62 324 66
980 130 466 57
67 811 97 77
829 145 669 103
256 133 145 126
480 971 225 80
164 990 988 78
84 216 599 64
532 114 504 66
825 82 679 47
117 828 919 82
756 360 683 57
13 215 588 101
618 249 432 100
336 535 738 45
399 753 179 60
787 263 681 61
747 446 427 106
129 398 115 62
887 14 865 78
777 174 356 81
21 99 197 105
149 175 84 108
584 912 495 122
282 270 48 64
395 958 407 95
483 476 422 75
404 800 242 93
709 755 101 141
486 952 11 128
1000 85 102 52
399 643 291 102
820 983 716 38
842 591 708 126
26 298 790 41
837 146 940 160
893 347 397 81
776 866 751 110
92 388 692 69
50 968 662 37
938 392 505 69
754 434 736 62
488 302 42 106
538 731 470 133
958 215 546 79
341 897 162 51
347 261 12 95
270 246 303 83
974 269 134 50
242 136 23 103
255 535 241 55
149 306 186 96
392 497 929 138
684 201 849 60
516 548 622 81
913 126 998 93
119 492 931 78
76 106 48 60
786 760 351 92
581 278 288 121
52 514 131 83
323 181 669 116
708 478 501 101
814 299 339 41
960 167 977 54
139 270 196 66
653 769 992 95
610 961 952 90
568 153 74 73
389 329 755 87
423 613 151 36
690 122 772 67
374 41 45 110
13 782 137 118
543 249 570 63
454 410 924 73
727 475 803 92
881 158 752 31
760 295 747 112
15 42 723 82
72 224 132 90
668 409 197 65
775 596 45 102
700 376 910 72
731 184 275 51
896 31 863 90
43 408 719 74
9 448 853 128
208 505 248 94
623 962 559 97
316 820 475 41
634 462 524 54
230 166 289 102
6 245 743 113
216 821 935 84
253 469 24 103
787 31 487 76
560 404 669 81
581 915 169 150
584 502 787 76
220 645 914 116
447 758 315 66
39 533 144 42
853 69 90 125
687 783 398 72
164 805 172 60
157 641 582 74
602 553 18 74
514 590 570 110
917 618 836 79
359 114 653 100
967 477 49 77
371 539 744 85
80 288 20 157
28 731 200 35
391 639 830 118
722 459 177 79
